url_id,total_meters,price
316906010,67.9,36600000
316945664,36.2,11200000
316977559,46.0,11999999
316989525,35.1,15950000
317005988,43.0,33300000
317034029,50.2,14000000
317036612,16.0,6800000
317041390,75.0,35500000
317060483,70.0,20500000
317066854,34.0,10500000
317068164,44.2,9450000
317093620,53.0,17500000
317113543,39.0,14600000
317137381,38.0,14000000
317170731,52.0,14400000
317172600,33.0,14900000
317192484,55.0,25500000
317201870,58.5,13700000
317237255,33.4,10500000
317237259,35.2,10950000
317246030,34.9,19000000
