url_id,total_meters,price
286050252,42.5,7150000
294458255,48.2,6050000
294926973,36.9,8800000
297997441,59.0,55000000
302380406,57.3,22750000
303370489,44.9,5800000
304779000,45.3,23900000
304865144,66.0,82000000
305510471,50.6,10599999
306823110,82.4,82317600
306867070,41.1,33000000
307275502,41.0,11500000
307538846,30.7,8500000
307723604,95.4,79990000
308550093,31.9,17490000
309676182,86.0,87000000
309979871,52.0,35800000
310107816,40.0,8490000
311033212,67.0,57000000
311419733,34.1,19000000
312155484,43.0,13300000
312719449,60.0,31500000
312754921,34.0,25700000
313392637,79.9,31687000
313432591,44.1,9100000
313476314,72.3,8400000
313640113,40.1,35500000
314286109,41.1,14500000
314369704,43.3,27200000
314484539,71.0,82000000
314672030,40.0,12700000
314699560,35.9,18450000
314716710,59.7,12500000
314794936,35.0,11900000
314969166,36.0,16000000
314971371,46.9,23190000
315114087,50.0,15950000
315233659,32.9,9400000
315253213,78.0,92880000
315253214,72.0,70000000
315253236,42.1,18500000
315253252,79.0,75000000
315263849,61.3,42900000
315307091,51.7,13500000
315317449,37.0,13490000
315345114,32.0,16700000
315394969,38.1,11900000
315432066,56.0,22200000
315436841,46.1,10800000
315508700,27.0,5999999
315643056,73.0,84000000
315729890,63.8,25314894
315747133,32.0,13590000
315756080,96.0,84000000
315905779,60.0,15100000
315965458,84.0,59000000
315973415,93.4,59000000
316117457,71.8,68500000
316217397,60.0,45000000
316219987,59.2,20300000
316283525,32.1,9600000
316324230,57.7,75000000
316365858,41.0,13000000
316422662,31.5,10700000
316518851,46.3,8500000
316566902,35.0,11990000
316621046,43.1,11200000
316645310,44.7,12459200
316672928,70.0,35700000
316697255,34.5,11900000
316709399,54.8,40948000
316734632,34.9,13000000
316738482,34.7,5400000
316740050,32.0,5380000
316749660,38.9,13477999
316762119,44.3,10700000
316766731,40.8,11600000
316776224,49.5,52500000
316780495,42.7,27700000
316799695,34.7,10000000
316874365,31.0,9500000
