url_id,url,total_meters,price,floor,floors_count,rooms_count
315747133,https://www.cian.ru/sale/flat/315747133/,32.0,13590000,10,18,1
315253252,https://www.cian.ru/sale/flat/315253252/,79.0,75000000,71,79,1
316766731,https://www.cian.ru/sale/flat/316766731/,40.8,11600000,9,16,1
313640113,https://www.cian.ru/sale/flat/313640113/,40.1,35500000,6,41,1
286050252,https://www.cian.ru/sale/flat/286050252/,42.5,7150000,5,9,1
315233659,https://www.cian.ru/sale/flat/315233659/,32.9,9400000,2,9,1
314672030,https://www.cian.ru/sale/flat/314672030/,40.0,12700000,14,16,1
314699560,https://www.cian.ru/sale/flat/314699560/,35.9,18450000,23,23,1
310107816,https://www.cian.ru/sale/flat/310107816/,40.0,8490000,6,12,1
317113543,https://www.cian.ru/sale/flat/317113543/,39.0,14600000,15,17,1
317246030,https://www.cian.ru/sale/flat/317246030/,34.9,19000000,8,14,1
316283525,https://www.cian.ru/sale/flat/316283525/,32.1,9600000,7,9,1
316989525,https://www.cian.ru/sale/flat/316989525/,35.1,15950000,5,12,1
316709399,https://www.cian.ru/sale/flat/316709399/,54.8,40948000,8,13,1
316734632,https://www.cian.ru/sale/flat/316734632/,34.9,13000000,9,12,1
316697255,https://www.cian.ru/sale/flat/316697255/,34.5,11900000,6,12,1
314794936,https://www.cian.ru/sale/flat/314794936/,35.0,11900000,8,15,1
303370489,https://www.cian.ru/sale/flat/303370489/,44.9,5800000,3,3,1
316324230,https://www.cian.ru/sale/flat/316324230/,57.7,75000000,2,8,1
315253214,https://www.cian.ru/sale/flat/315253214/,72.0,70000000,24,79,1
317036612,https://www.cian.ru/sale/flat/317036612/,16.0,6800000,1,9,1
314969166,https://www.cian.ru/sale/flat/314969166/,36.0,16000000,5,12,1
316874365,https://www.cian.ru/sale/flat/316874365/,31.0,9500000,3,5,1
316566902,https://www.cian.ru/sale/flat/316566902/,35.0,11990000,2,12,1
315307091,https://www.cian.ru/sale/flat/315307091/,51.7,13500000,1,5,1
315263849,https://www.cian.ru/sale/flat/315263849/,61.3,42900000,11,12,1
316799695,https://www.cian.ru/sale/flat/316799695/,34.7,10000000,9,9,1
316645310,https://www.cian.ru/sale/flat/316645310/,44.7,12459200,1,10,1
314971371,https://www.cian.ru/sale/flat/314971371/,46.9,23190000,17,20,1
317066854,https://www.cian.ru/sale/flat/317066854/,34.0,10500000,2,9,1
316672928,https://www.cian.ru/sale/flat/316672928/,70.0,35700000,13,21,1
316738482,https://www.cian.ru/sale/flat/316738482/,34.7,5400000,2,3,1
314286109,https://www.cian.ru/sale/flat/314286109/,41.1,14500000,14,22,1
315253213,https://www.cian.ru/sale/flat/315253213/,78.0,92880000,30,79,1
294926973,https://www.cian.ru/sale/flat/294926973/,36.9,8800000,7,9,1
315394969,https://www.cian.ru/sale/flat/315394969/,38.1,11900000,11,17,1
316780495,https://www.cian.ru/sale/flat/316780495/,42.7,27700000,8,11,1
311419733,https://www.cian.ru/sale/flat/311419733/,34.1,19000000,5,12,1
306867070,https://www.cian.ru/sale/flat/306867070/,41.1,33000000,16,36,1
312754921,https://www.cian.ru/sale/flat/312754921/,34.0,25700000,4,8,1
316422662,https://www.cian.ru/sale/flat/316422662/,31.5,10700000,8,14,1
316945664,https://www.cian.ru/sale/flat/316945664/,36.2,11200000,1,4,1
304779000,https://www.cian.ru/sale/flat/304779000/,45.3,23900000,9,31,1
317237255,https://www.cian.ru/sale/flat/317237255/,33.4,10500000,1,12,1
316740050,https://www.cian.ru/sale/flat/316740050/,32.0,5380000,2,3,1
317237259,https://www.cian.ru/sale/flat/317237259/,35.2,10950000,8,12,1
314369704,https://www.cian.ru/sale/flat/314369704/,43.3,27200000,10,15,1
307275502,https://www.cian.ru/sale/flat/307275502/,41.0,11500000,2,12,1
317172600,https://www.cian.ru/sale/flat/317172600/,33.0,14900000,4,9,1
315253236,https://www.cian.ru/sale/flat/315253236/,42.1,18500000,4,4,1
308550093,https://www.cian.ru/sale/flat/308550093/,31.9,17490000,9,23,1
316749660,https://www.cian.ru/sale/flat/316749660/,38.9,13477999,7,12,1
307538846,https://www.cian.ru/sale/flat/307538846/,30.7,8500000,1,12,1
315345114,https://www.cian.ru/sale/flat/315345114/,32.0,16700000,6,9,1
316365858,https://www.cian.ru/sale/flat/316365858/,41.0,13000000,12,25,1
315745436,https://www.cian.ru/sale/flat/315745436/,60.0,75000000,25,61,1
317614658,https://www.cian.ru/sale/flat/317614658/,35.0,18200000,9,29,1
317161765,https://www.cian.ru/sale/flat/317161765/,21.0,7950000,6,9,1
313640113,https://www.cian.ru/sale/flat/313640113/,40.1,35500000,6,41,1
311013859,https://www.cian.ru/sale/flat/311013859/,37.0,13000000,8,9,1
317653798,https://www.cian.ru/sale/flat/317653798/,21.0,7499000,7,9,1
314672030,https://www.cian.ru/sale/flat/314672030/,40.0,12700000,14,16,1
315866196,https://www.cian.ru/sale/flat/315866196/,38.5,21150000,2,25,1
317589868,https://www.cian.ru/sale/flat/317589868/,35.2,9300000,7,12,1
304424222,https://www.cian.ru/sale/flat/304424222/,31.9,11500000,8,9,1
317810772,https://www.cian.ru/sale/flat/317810772/,43.1,21500000,13,41,1
303370489,https://www.cian.ru/sale/flat/303370489/,44.9,5700000,3,3,1
317618269,https://www.cian.ru/sale/flat/317618269/,35.0,24500000,9,32,1
317331040,https://www.cian.ru/sale/flat/317331040/,43.0,31900000,19,41,1
317668131,https://www.cian.ru/sale/flat/317668131/,34.5,16200000,19,20,1
317463756,https://www.cian.ru/sale/flat/317463756/,41.9,8900000,2,17,1
316184136,https://www.cian.ru/sale/flat/316184136/,53.3,20900000,6,6,1
317113543,https://www.cian.ru/sale/flat/317113543/,39.0,14600000,15,17,1
317021340,https://www.cian.ru/sale/flat/317021340/,48.0,44900000,11,41,1
316324230,https://www.cian.ru/sale/flat/316324230/,57.7,75000000,2,8,1
317559268,https://www.cian.ru/sale/flat/317559268/,38.3,17990000,25,26,1
316942136,https://www.cian.ru/sale/flat/316942136/,40.0,23900000,15,21,1
314845571,https://www.cian.ru/sale/flat/314845571/,41.0,21500000,2,5,1
313598440,https://www.cian.ru/sale/flat/313598440/,35.0,8300000,1,9,1
317719488,https://www.cian.ru/sale/flat/317719488/,61.3,42900000,11,12,1
314215667,https://www.cian.ru/sale/flat/314215667/,31.3,11200000,2,5,1
317142473,https://www.cian.ru/sale/flat/317142473/,37.4,10800000,8,16,1
316064725,https://www.cian.ru/sale/flat/316064725/,31.4,9250000,1,5,1
317750779,https://www.cian.ru/sale/flat/317750779/,41.7,14990000,4,11,1
316346770,https://www.cian.ru/sale/flat/316346770/,45.0,18999999,2,20,1
317106023,https://www.cian.ru/sale/flat/317106023/,34.0,11300000,24,25,1
317458651,https://www.cian.ru/sale/flat/317458651/,22.54,6500000,11,25,1
316595702,https://www.cian.ru/sale/flat/316595702/,35.0,8500000,8,12,1
317319804,https://www.cian.ru/sale/flat/317319804/,37.4,11800000,2,16,1
309525051,https://www.cian.ru/sale/flat/309525051/,40.2,32500000,2,40,1
315459705,https://www.cian.ru/sale/flat/315459705/,39.1,10500000,11,18,1
316706747,https://www.cian.ru/sale/flat/316706747/,34.3,9500000,5,9,1
317731050,https://www.cian.ru/sale/flat/317731050/,38.2,23000000,17,20,1
316695062,https://www.cian.ru/sale/flat/316695062/,39.0,8990000,2,14,1
308396383,https://www.cian.ru/sale/flat/308396383/,42.7,26500000,13,13,1
316318288,https://www.cian.ru/sale/flat/316318288/,34.5,11000000,6,16,1
317662818,https://www.cian.ru/sale/flat/317662818/,35.1,9500000,6,12,1
315394969,https://www.cian.ru/sale/flat/315394969/,38.1,11900000,11,17,1
313794918,https://www.cian.ru/sale/flat/313794918/,38.0,13300000,10,17,1
316874365,https://www.cian.ru/sale/flat/316874365/,31.0,9500000,3,5,1
316731215,https://www.cian.ru/sale/flat/316731215/,35.1,15000000,10,12,1
316928024,https://www.cian.ru/sale/flat/316928024/,36.0,19800000,7,10,1
317365049,https://www.cian.ru/sale/flat/317365049/,33.0,9990000,6,9,1
316780495,https://www.cian.ru/sale/flat/316780495/,42.7,27700000,8,11,1
314102202,https://www.cian.ru/sale/flat/314102202/,34.7,16600000,6,29,1
317745145,https://www.cian.ru/sale/flat/317745145/,27.7,8300000,6,10,1
306867070,https://www.cian.ru/sale/flat/306867070/,41.1,33000000,16,36,1
314798459,https://www.cian.ru/sale/flat/314798459/,50.3,32900000,4,32,1
317626232,https://www.cian.ru/sale/flat/317626232/,32.7,14700000,5,9,1
316672928,https://www.cian.ru/sale/flat/316672928/,70.0,35700000,13,21,1
316177228,https://www.cian.ru/sale/flat/316177228/,19.7,7500000,10,22,1
307723781,https://www.cian.ru/sale/flat/307723781/,10.7,3200000,3,31,1
304779000,https://www.cian.ru/sale/flat/304779000/,45.3,23900000,9,31,1
315687897,https://www.cian.ru/sale/flat/315687897/,21.9,12200000,3,23,1
317367449,https://www.cian.ru/sale/flat/317367449/,32.4,8200000,1,9,1
313207708,https://www.cian.ru/sale/flat/313207708/,30.6,13000000,3,5,1
317648488,https://www.cian.ru/sale/flat/317648488/,44.0,12700000,3,17,1
317652515,https://www.cian.ru/sale/flat/317652515/,27.0,8500000,7,9,1
308100205,https://www.cian.ru/sale/flat/308100205/,21.0,15590000,24,24,1
303217488,https://www.cian.ru/sale/flat/303217488/,30.3,25900000,5,12,1
312736480,https://www.cian.ru/sale/flat/312736480/,40.0,12300000,16,25,1
310068451,https://www.cian.ru/sale/flat/310068451/,36.8,20000000,9,12,1
307275502,https://www.cian.ru/sale/flat/307275502/,41.0,11500000,2,12,1
316878278,https://www.cian.ru/sale/flat/316878278/,35.3,8790000,5,12,1
308097968,https://www.cian.ru/sale/flat/308097968/,35.0,12300000,12,14,1
315253236,https://www.cian.ru/sale/flat/315253236/,42.1,18500000,4,4,1
316935952,https://www.cian.ru/sale/flat/316935952/,38.0,7600000,12,16,1
317752563,https://www.cian.ru/sale/flat/317752563/,37.5,24500000,20,58,1
317500634,https://www.cian.ru/sale/flat/317500634/,30.0,12900000,2,5,1
317672604,https://www.cian.ru/sale/flat/317672604/,42.9,14990000,11,19,1
316499109,https://www.cian.ru/sale/flat/316499109/,41.5,39000000,11,21,1
308550093,https://www.cian.ru/sale/flat/308550093/,31.9,17490000,9,23,1
317647291,https://www.cian.ru/sale/flat/317647291/,21.0,8700000,3,9,1
312379120,https://www.cian.ru/sale/flat/312379120/,47.0,26000000,7,26,1
312379124,https://www.cian.ru/sale/flat/312379124/,47.0,26000000,8,26,1
317756007,https://www.cian.ru/sale/flat/317756007/,31.9,12200000,6,9,1
317217419,https://www.cian.ru/sale/flat/317217419/,38.7,13350000,2,25,1
316499489,https://www.cian.ru/sale/flat/316499489/,35.0,25800000,8,9,1
317556804,https://www.cian.ru/sale/flat/317556804/,31.0,5800000,2,9,1
316365858,https://www.cian.ru/sale/flat/316365858/,41.0,12700000,12,25,1
311846636,https://www.cian.ru/sale/flat/311846636/,24.0,12800000,1,29,1
317652437,https://www.cian.ru/sale/flat/317652437/,38.0,17000000,11,17,1
317023344,https://www.cian.ru/sale/flat/317023344/,42.3,13200000,19,25,1
317421328,https://www.cian.ru/sale/flat/317421328/,35.0,18250000,8,9,1
316729125,https://www.cian.ru/sale/flat/316729125/,37.2,13500000,3,17,1
317645572,https://www.cian.ru/sale/flat/317645572/,37.0,15500000,4,5,1
315814638,https://www.cian.ru/sale/flat/315814638/,38.79,11700000,12,12,1
312164835,https://www.cian.ru/sale/flat/312164835/,28.0,15900000,3,8,1
313624558,https://www.cian.ru/sale/flat/313624558/,34.0,19500000,16,33,1
316421911,https://www.cian.ru/sale/flat/316421911/,33.0,8980000,3,5,1
316289540,https://www.cian.ru/sale/flat/316289540/,50.0,22000000,2,33,1
314947646,https://www.cian.ru/sale/flat/314947646/,42.0,25500000,14,48,1
317607766,https://www.cian.ru/sale/flat/317607766/,33.3,12900000,3,5,1
314888235,https://www.cian.ru/sale/flat/314888235/,45.0,25700000,2,13,1
315831405,https://www.cian.ru/sale/flat/315831405/,29.0,13800000,14,17,1
316467337,https://www.cian.ru/sale/flat/316467337/,55.9,28000000,15,17,1
314940249,https://www.cian.ru/sale/flat/314940249/,38.2,18400000,12,22,1
317772926,https://www.cian.ru/sale/flat/317772926/,31.4,10900000,7,25,1
314702076,https://www.cian.ru/sale/flat/314702076/,41.0,22600000,2,18,1
315913170,https://www.cian.ru/sale/flat/315913170/,38.0,23300000,7,58,1
315680154,https://www.cian.ru/sale/flat/315680154/,35.6,13500000,12,15,1
313868361,https://www.cian.ru/sale/flat/313868361/,46.0,24990000,7,25,1
316277825,https://www.cian.ru/sale/flat/316277825/,55.0,29900000,11,41,1
316135912,https://www.cian.ru/sale/flat/316135912/,42.3,8700000,7,12,1
314200771,https://www.cian.ru/sale/flat/314200771/,38.3,9990000,1,12,1
315500861,https://www.cian.ru/sale/flat/315500861/,37.2,19999999,2,9,1
317701857,https://www.cian.ru/sale/flat/317701857/,38.0,11900000,3,28,1
315782142,https://www.cian.ru/sale/flat/315782142/,34.1,28098400,5,6,1
315253252,https://www.cian.ru/sale/flat/315253252/,79.0,75000000,71,79,1
316738721,https://www.cian.ru/sale/flat/316738721/,33.7,17500000,5,9,1
314602166,https://www.cian.ru/sale/flat/314602166/,48.9,28000000,17,23,1
315959272,https://www.cian.ru/sale/flat/315959272/,32.1,12500000,3,9,1
316243521,https://www.cian.ru/sale/flat/316243521/,35.5,8990000,3,9,1
317725899,https://www.cian.ru/sale/flat/317725899/,32.5,12930000,3,9,1
315365792,https://www.cian.ru/sale/flat/315365792/,37.4,9900000,2,17,1
316443092,https://www.cian.ru/sale/flat/316443092/,38.0,10900000,8,17,1
317395453,https://www.cian.ru/sale/flat/317395453/,34.8,8900000,5,17,1
314445606,https://www.cian.ru/sale/flat/314445606/,36.0,14500000,8,15,1
317719500,https://www.cian.ru/sale/flat/317719500/,34.9,12000000,9,12,1
313024452,https://www.cian.ru/sale/flat/313024452/,43.0,20900000,6,40,1
306511954,https://www.cian.ru/sale/flat/306511954/,52.0,16490000,6,12,1
316114217,https://www.cian.ru/sale/flat/316114217/,36.0,9000000,9,12,1
315253214,https://www.cian.ru/sale/flat/315253214/,72.0,70000000,24,79,1
314602158,https://www.cian.ru/sale/flat/314602158/,45.2,26000000,7,23,1
316825029,https://www.cian.ru/sale/flat/316825029/,33.0,6200000,4,9,1
317569118,https://www.cian.ru/sale/flat/317569118/,88.4,104459067,4,7,1
315345114,https://www.cian.ru/sale/flat/315345114/,32.0,16400000,6,9,1
317663068,https://www.cian.ru/sale/flat/317663068/,38.4,13000000,3,14,1
316643869,https://www.cian.ru/sale/flat/316643869/,37.3,19990000,2,30,1
316856522,https://www.cian.ru/sale/flat/316856522/,37.0,14300000,2,9,1
307588906,https://www.cian.ru/sale/flat/307588906/,35.0,9990000,4,14,1
314038081,https://www.cian.ru/sale/flat/314038081/,26.7,10800000,1,9,1
307668475,https://www.cian.ru/sale/flat/307668475/,39.4,9600000,14,17,1
317576653,https://www.cian.ru/sale/flat/317576653/,35.0,9100000,8,12,1
317311763,https://www.cian.ru/sale/flat/317311763/,32.8,11249999,7,12,1
317780978,https://www.cian.ru/sale/flat/317780978/,45.3,19500000,3,8,1
317195812,https://www.cian.ru/sale/flat/317195812/,34.0,18500000,5,9,1
317817307,https://www.cian.ru/sale/flat/317817307/,32.7,12900000,3,9,1
317808029,https://www.cian.ru/sale/flat/317808029/,33.0,8000000,6,12,1
316743747,https://www.cian.ru/sale/flat/316743747/,36.7,8300000,7,14,1
315971844,https://www.cian.ru/sale/flat/315971844/,40.8,11600000,11,17,1
316005173,https://www.cian.ru/sale/flat/316005173/,37.0,14200000,2,22,1
315055725,https://www.cian.ru/sale/flat/315055725/,37.5,10900000,8,17,1
313588523,https://www.cian.ru/sale/flat/313588523/,38.5,8600000,7,17,1
315355823,https://www.cian.ru/sale/flat/315355823/,45.0,10990000,2,20,1
315441530,https://www.cian.ru/sale/flat/315441530/,29.3,8600000,5,12,1
317753756,https://www.cian.ru/sale/flat/317753756/,42.9,17900000,5,12,1
317723012,https://www.cian.ru/sale/flat/317723012/,30.6,14650000,5,5,1
314170584,https://www.cian.ru/sale/flat/314170584/,35.0,10990000,5,19,1
317570087,https://www.cian.ru/sale/flat/317570087/,37.2,23000000,19,29,1
315090147,https://www.cian.ru/sale/flat/315090147/,49.3,23500000,31,36,1
316412538,https://www.cian.ru/sale/flat/316412538/,38.1,12990000,16,17,1
314897207,https://www.cian.ru/sale/flat/314897207/,38.0,12800000,8,16,1
316523759,https://www.cian.ru/sale/flat/316523759/,44.3,35300000,9,21,1
317336056,https://www.cian.ru/sale/flat/317336056/,32.0,10900000,9,9,1
309348680,https://www.cian.ru/sale/flat/309348680/,43.13,8600000,4,19,1
316391549,https://www.cian.ru/sale/flat/316391549/,32.4,10999000,4,9,1
316767519,https://www.cian.ru/sale/flat/316767519/,34.8,8100000,7,9,1
300863910,https://www.cian.ru/sale/flat/300863910/,40.49,21500000,6,40,1
314215966,https://www.cian.ru/sale/flat/314215966/,32.0,17500000,22,25,1
317723288,https://www.cian.ru/sale/flat/317723288/,38.0,12100000,13,17,1
316296379,https://www.cian.ru/sale/flat/316296379/,39.5,12800000,9,24,1
317401834,https://www.cian.ru/sale/flat/317401834/,35.7,9750000,3,12,1
315363712,https://www.cian.ru/sale/flat/315363712/,33.5,27900000,19,32,1
308207546,https://www.cian.ru/sale/flat/308207546/,48.0,29900000,14,41,1
317627583,https://www.cian.ru/sale/flat/317627583/,35.0,9990000,2,16,1
316987854,https://www.cian.ru/sale/flat/316987854/,45.0,31400000,22,41,1
317738002,https://www.cian.ru/sale/flat/317738002/,40.1,12200000,11,14,1
312989612,https://www.cian.ru/sale/flat/312989612/,57.9,37800000,4,29,1
316680707,https://www.cian.ru/sale/flat/316680707/,63.0,55000000,12,34,1
317715400,https://www.cian.ru/sale/flat/317715400/,27.1,9000000,1,12,1
315253213,https://www.cian.ru/sale/flat/315253213/,78.0,92880000,30,79,1
308640844,https://www.cian.ru/sale/flat/308640844/,41.89,6590000,2,12,1
316393288,https://www.cian.ru/sale/flat/316393288/,36.9,12600000,9,14,1
316586688,https://www.cian.ru/sale/flat/316586688/,32.8,8300000,9,9,1
316636190,https://www.cian.ru/sale/flat/316636190/,39.4,8980000,1,14,1
317108602,https://www.cian.ru/sale/flat/317108602/,37.0,15799999,10,16,1
313434541,https://www.cian.ru/sale/flat/313434541/,43.0,9550000,1,3,1
314171750,https://www.cian.ru/sale/flat/314171750/,32.3,9750000,1,9,1
317576808,https://www.cian.ru/sale/flat/317576808/,39.0,12500000,10,17,1
316125122,https://www.cian.ru/sale/flat/316125122/,32.7,10200000,3,9,1
316307080,https://www.cian.ru/sale/flat/316307080/,46.7,10250000,17,17,1
316780613,https://www.cian.ru/sale/flat/316780613/,37.5,16700000,2,12,1
315761218,https://www.cian.ru/sale/flat/315761218/,35.0,10489000,2,3,1
317338703,https://www.cian.ru/sale/flat/317338703/,38.0,18300000,6,13,1
315255373,https://www.cian.ru/sale/flat/315255373/,27.0,11990000,12,16,1
317790251,https://www.cian.ru/sale/flat/317790251/,31.3,12490000,9,18,1
315833183,https://www.cian.ru/sale/flat/315833183/,37.9,10500000,3,22,1
317764506,https://www.cian.ru/sale/flat/317764506/,52.0,15900000,5,5,1
317569862,https://www.cian.ru/sale/flat/317569862/,40.3,25000000,18,30,1
317108694,https://www.cian.ru/sale/flat/317108694/,40.0,13500000,2,23,1
316332296,https://www.cian.ru/sale/flat/316332296/,30.9,10490000,6,9,1
316652592,https://www.cian.ru/sale/flat/316652592/,45.8,10200000,5,16,1
315986947,https://www.cian.ru/sale/flat/315986947/,39.7,11299999,10,12,1
316566240,https://www.cian.ru/sale/flat/316566240/,39.0,15600000,21,25,1
312974632,https://www.cian.ru/sale/flat/312974632/,30.0,12350000,2,5,1
317615147,https://www.cian.ru/sale/flat/317615147/,38.0,13800000,12,14,1
317065635,https://www.cian.ru/sale/flat/317065635/,41.4,24850000,5,39,1
317662997,https://www.cian.ru/sale/flat/317662997/,35.2,12350000,8,9,1
316884858,https://www.cian.ru/sale/flat/316884858/,43.6,16990000,10,15,1
317217102,https://www.cian.ru/sale/flat/317217102/,36.6,14500000,12,17,1
315954563,https://www.cian.ru/sale/flat/315954563/,38.0,10400000,16,17,1
314944008,https://www.cian.ru/sale/flat/314944008/,37.0,12000000,10,22,1
317512129,https://www.cian.ru/sale/flat/317512129/,36.0,14300000,7,22,1
316777549,https://www.cian.ru/sale/flat/316777549/,41.4,18400000,28,32,1
307344153,https://www.cian.ru/sale/flat/307344153/,32.9,11000000,1,9,1
316908637,https://www.cian.ru/sale/flat/316908637/,31.4,15000000,5,9,1
316108460,https://www.cian.ru/sale/flat/316108460/,47.0,20990000,9,34,1
317622919,https://www.cian.ru/sale/flat/317622919/,38.6,11350000,15,17,1
314205722,https://www.cian.ru/sale/flat/314205722/,29.4,11550000,5,9,1
317572926,https://www.cian.ru/sale/flat/317572926/,37.7,13200000,4,22,1
316294740,https://www.cian.ru/sale/flat/316294740/,34.1,11500000,14,16,1
314791001,https://www.cian.ru/sale/flat/314791001/,33.0,12200000,1,10,1
317761472,https://www.cian.ru/sale/flat/317761472/,37.5,12000000,8,9,1
314791156,https://www.cian.ru/sale/flat/314791156/,38.0,11799999,15,17,1
315094803,https://www.cian.ru/sale/flat/315094803/,34.8,13000000,3,23,1
317722389,https://www.cian.ru/sale/flat/317722389/,31.4,12800000,7,8,1
316268133,https://www.cian.ru/sale/flat/316268133/,31.6,12000000,6,12,1
316708732,https://www.cian.ru/sale/flat/316708732/,40.4,18500000,3,43,1
317780667,https://www.cian.ru/sale/flat/317780667/,34.7,17500000,10,20,1
316469642,https://www.cian.ru/sale/flat/316469642/,32.0,12150000,10,33,1
314620200,https://www.cian.ru/sale/flat/314620200/,45.0,16500000,23,26,1
317292090,https://www.cian.ru/sale/flat/317292090/,34.4,19000000,14,24,1
317746325,https://www.cian.ru/sale/flat/317746325/,37.9,12300000,3,17,1
315746214,https://www.cian.ru/sale/flat/315746214/,39.9,15400000,24,25,1
316286123,https://www.cian.ru/sale/flat/316286123/,37.0,28999000,6,23,1
316830268,https://www.cian.ru/sale/flat/316830268/,32.0,12750000,5,9,1
315973487,https://www.cian.ru/sale/flat/315973487/,34.0,13400000,5,9,1
315861614,https://www.cian.ru/sale/flat/315861614/,43.0,21200000,2,41,1
306926249,https://www.cian.ru/sale/flat/306926249/,47.0,13000000,10,19,1
317706617,https://www.cian.ru/sale/flat/317706617/,32.7,13500000,4,9,1
315796422,https://www.cian.ru/sale/flat/315796422/,39.0,22000000,19,19,1
316273407,https://www.cian.ru/sale/flat/316273407/,36.4,13250000,3,10,1
316610836,https://www.cian.ru/sale/flat/316610836/,42.0,17000000,3,15,1
317483344,https://www.cian.ru/sale/flat/317483344/,52.0,25900000,13,15,1
316927770,https://www.cian.ru/sale/flat/316927770/,34.0,14000000,11,22,1
312464548,https://www.cian.ru/sale/flat/312464548/,29.8,10700000,2,9,1
317500203,https://www.cian.ru/sale/flat/317500203/,33.0,14500000,3,5,1
311077298,https://www.cian.ru/sale/flat/311077298/,34.8,12500000,14,16,1
316106135,https://www.cian.ru/sale/flat/316106135/,36.2,23800000,6,20,1
316866188,https://www.cian.ru/sale/flat/316866188/,41.3,20800000,12,30,1
317761676,https://www.cian.ru/sale/flat/317761676/,33.0,9600000,3,9,1
315898629,https://www.cian.ru/sale/flat/315898629/,48.5,15990000,11,22,1
317550282,https://www.cian.ru/sale/flat/317550282/,108.7,50000000,5,23,1
317647531,https://www.cian.ru/sale/flat/317647531/,50.0,24950000,6,20,1
317497525,https://www.cian.ru/sale/flat/317497525/,43.7,13950000,10,23,1
317718123,https://www.cian.ru/sale/flat/317718123/,40.6,19399000,2,9,1
317607906,https://www.cian.ru/sale/flat/317607906/,36.9,13350000,7,17,1
317518271,https://www.cian.ru/sale/flat/317518271/,35.9,13310284,18,22,1
315677385,https://www.cian.ru/sale/flat/315677385/,37.9,11499999,16,17,1
312474825,https://www.cian.ru/sale/flat/312474825/,32.7,12450000,9,9,1
317159764,https://www.cian.ru/sale/flat/317159764/,32.6,8000000,8,9,1
314951462,https://www.cian.ru/sale/flat/314951462/,52.8,16500000,5,5,1
317110008,https://www.cian.ru/sale/flat/317110008/,42.9,16799000,2,23,1
317712878,https://www.cian.ru/sale/flat/317712878/,33.5,8100000,10,16,1
315163705,https://www.cian.ru/sale/flat/315163705/,37.9,10800000,9,14,1
317648370,https://www.cian.ru/sale/flat/317648370/,33.4,8390000,4,10,1
315127049,https://www.cian.ru/sale/flat/315127049/,42.6,14250000,12,15,1
315355184,https://www.cian.ru/sale/flat/315355184/,30.0,9990000,2,5,1
313084247,https://www.cian.ru/sale/flat/313084247/,34.9,10500000,5,9,1
317763770,https://www.cian.ru/sale/flat/317763770/,32.0,8500000,5,5,1
315957058,https://www.cian.ru/sale/flat/315957058/,31.8,9500000,15,16,1
306823110,https://www.cian.ru/sale/flat/306823110/,82.4,82317600,5,8,2
315729890,https://www.cian.ru/sale/flat/315729890/,63.8,25314894,4,5,2
315905779,https://www.cian.ru/sale/flat/315905779/,60.0,15100000,4,20,2
313392637,https://www.cian.ru/sale/flat/313392637/,79.9,31687000,5,8,2
315756080,https://www.cian.ru/sale/flat/315756080/,96.0,84000000,5,18,2
312155484,https://www.cian.ru/sale/flat/312155484/,43.0,13300000,4,5,2
316117457,https://www.cian.ru/sale/flat/316117457/,71.8,68500000,24,36,2
315114087,https://www.cian.ru/sale/flat/315114087/,50.0,15950000,19,21,2
317137381,https://www.cian.ru/sale/flat/317137381/,38.0,14000000,9,12,2
317201870,https://www.cian.ru/sale/flat/317201870/,58.5,13700000,2,16,2
314716710,https://www.cian.ru/sale/flat/314716710/,59.7,12500000,4,15,2
316977559,https://www.cian.ru/sale/flat/316977559/,46.0,11999999,5,5,2
313476314,https://www.cian.ru/sale/flat/313476314/,72.3,8400000,2,9,2
304865144,https://www.cian.ru/sale/flat/304865144/,66.0,82000000,3,12,2
294458255,https://www.cian.ru/sale/flat/294458255/,48.2,6050000,1,9,2
316570308,https://www.cian.ru/sale/flat/316570308/,66.0,82000000,3,12,2
314484539,https://www.cian.ru/sale/flat/314484539/,71.0,82000000,3,21,2
317192484,https://www.cian.ru/sale/flat/317192484/,55.0,25500000,2,8,2
316219987,https://www.cian.ru/sale/flat/316219987/,59.2,20300000,18,19,2
315702571,https://www.cian.ru/sale/flat/315702571/,175.0,442389481,4,7,2
317060483,https://www.cian.ru/sale/flat/317060483/,70.0,20500000,19,23,2
316621046,https://www.cian.ru/sale/flat/316621046/,43.1,11200000,4,5,2
316217397,https://www.cian.ru/sale/flat/316217397/,60.0,45000000,4,5,2
317170731,https://www.cian.ru/sale/flat/317170731/,52.0,14400000,10,12,2
315643056,https://www.cian.ru/sale/flat/315643056/,73.0,84000000,7,17,2
309676182,https://www.cian.ru/sale/flat/309676182/,86.0,87000000,53,68,2
316518851,https://www.cian.ru/sale/flat/316518851/,46.3,8500000,7,12,2
297997441,https://www.cian.ru/sale/flat/297997441/,59.0,55000000,51,79,2
317093620,https://www.cian.ru/sale/flat/317093620/,53.0,17500000,8,12,2
313296107,https://www.cian.ru/sale/flat/313296107/,107.0,229900000,5,13,2
313484220,https://www.cian.ru/sale/flat/313484220/,84.0,140000000,30,68,2
313432591,https://www.cian.ru/sale/flat/313432591/,44.1,9100000,7,9,2
312095964,https://www.cian.ru/sale/flat/312095964/,100.0,46900000,1,19,2
315965458,https://www.cian.ru/sale/flat/315965458/,84.0,59000000,12,19,2
315508700,https://www.cian.ru/sale/flat/315508700/,27.0,5999999,1,7,2
316015975,https://www.cian.ru/sale/flat/316015975/,107.7,400000000,2,5,2
309979871,https://www.cian.ru/sale/flat/309979871/,52.0,35800000,6,13,2
317034029,https://www.cian.ru/sale/flat/317034029/,50.2,14000000,5,17,2
314556757,https://www.cian.ru/sale/flat/314556757/,125.4,350000000,8,8,2
307723604,https://www.cian.ru/sale/flat/307723604/,95.4,79990000,30,85,2
305510471,https://www.cian.ru/sale/flat/305510471/,50.6,10599999,11,12,2
315973415,https://www.cian.ru/sale/flat/315973415/,93.4,59000000,8,12,2
316776224,https://www.cian.ru/sale/flat/316776224/,49.5,52500000,3,6,2
317068164,https://www.cian.ru/sale/flat/317068164/,44.2,9450000,5,9,2
317005988,https://www.cian.ru/sale/flat/317005988/,43.0,33300000,15,21,2
302380406,https://www.cian.ru/sale/flat/302380406/,57.3,22750000,8,9,2
315436841,https://www.cian.ru/sale/flat/315436841/,46.1,10800000,8,9,2
311033212,https://www.cian.ru/sale/flat/311033212/,67.0,57000000,9,14,2
310470593,https://www.cian.ru/sale/flat/310470593/,102.6,150000000,19,34,2
316762119,https://www.cian.ru/sale/flat/316762119/,44.3,10700000,1,5,2
315432066,https://www.cian.ru/sale/flat/315432066/,56.0,22200000,6,14,2
317041390,https://www.cian.ru/sale/flat/317041390/,75.0,35500000,11,26,2
315317449,https://www.cian.ru/sale/flat/315317449/,37.0,13490000,3,16,2
312719449,https://www.cian.ru/sale/flat/312719449/,60.0,31500000,29,30,2
316906010,https://www.cian.ru/sale/flat/316906010/,67.9,36600000,21,23,2
306823110,https://www.cian.ru/sale/flat/306823110/,82.4,82317600,5,8,2
315795006,https://www.cian.ru/sale/flat/315795006/,61.0,76250000,25,61,2
317564335,https://www.cian.ru/sale/flat/317564335/,40.0,14000000,3,9,2
316614908,https://www.cian.ru/sale/flat/316614908/,48.0,44900000,11,41,2
317092744,https://www.cian.ru/sale/flat/317092744/,34.8,14900000,1,8,2
317206393,https://www.cian.ru/sale/flat/317206393/,49.0,10000000,9,10,2
302081797,https://www.cian.ru/sale/flat/302081797/,69.4,69900000,2,10,2
314391577,https://www.cian.ru/sale/flat/314391577/,63.2,35000000,2,17,2
316453422,https://www.cian.ru/sale/flat/316453422/,47.6,11990000,3,9,2
314843348,https://www.cian.ru/sale/flat/314843348/,77.2,37292000,6,8,2
313392637,https://www.cian.ru/sale/flat/313392637/,79.9,31687000,5,8,2
317765872,https://www.cian.ru/sale/flat/317765872/,52.3,12200000,4,17,2
313946912,https://www.cian.ru/sale/flat/313946912/,137.1,630000000,2,7,2
310792515,https://www.cian.ru/sale/flat/310792515/,111.5,87639000,4,8,2
317356895,https://www.cian.ru/sale/flat/317356895/,38.0,10900000,9,9,2
317724071,https://www.cian.ru/sale/flat/317724071/,52.1,12600000,15,16,2
316634002,https://www.cian.ru/sale/flat/316634002/,72.8,67900000,33,41,2
317640720,https://www.cian.ru/sale/flat/317640720/,46.0,12000000,4,5,2
317596818,https://www.cian.ru/sale/flat/317596818/,71.8,68500000,24,36,2
315756080,https://www.cian.ru/sale/flat/315756080/,96.0,84000000,5,18,2
315419765,https://www.cian.ru/sale/flat/315419765/,47.0,18500000,7,9,2
313296107,https://www.cian.ru/sale/flat/313296107/,107.0,229900000,5,13,2
317616898,https://www.cian.ru/sale/flat/317616898/,59.3,16950000,5,25,2
313390705,https://www.cian.ru/sale/flat/313390705/,38.6,9800000,8,12,2
317201870,https://www.cian.ru/sale/flat/317201870/,58.5,13700000,2,16,2
314716710,https://www.cian.ru/sale/flat/314716710/,59.7,12500000,4,15,2
316343295,https://www.cian.ru/sale/flat/316343295/,44.0,11900000,1,24,2
317037894,https://www.cian.ru/sale/flat/317037894/,55.6,39500000,2,5,2
316776224,https://www.cian.ru/sale/flat/316776224/,49.5,52500000,3,6,2
314605563,https://www.cian.ru/sale/flat/314605563/,43.6,17600000,4,9,2
316570308,https://www.cian.ru/sale/flat/316570308/,66.0,82000000,3,12,2
317576378,https://www.cian.ru/sale/flat/317576378/,123.0,85000000,51,75,2
315976957,https://www.cian.ru/sale/flat/315976957/,60.1,15600000,9,17,2
289733275,https://www.cian.ru/sale/flat/289733275/,120.4,85000000,51,75,2
314484539,https://www.cian.ru/sale/flat/314484539/,71.0,82000000,3,21,2
316126633,https://www.cian.ru/sale/flat/316126633/,45.0,14200000,5,12,2
316813304,https://www.cian.ru/sale/flat/316813304/,79.0,61500000,5,13,2
313328592,https://www.cian.ru/sale/flat/313328592/,54.0,28500000,8,8,2
317690535,https://www.cian.ru/sale/flat/317690535/,52.1,12950000,6,12,2
317151506,https://www.cian.ru/sale/flat/317151506/,60.1,16800000,12,17,2
315555025,https://www.cian.ru/sale/flat/315555025/,66.1,77966246,4,7,2
312155484,https://www.cian.ru/sale/flat/312155484/,43.0,13500000,4,5,2
315687905,https://www.cian.ru/sale/flat/315687905/,63.0,29900000,14,16,2
308907057,https://www.cian.ru/sale/flat/308907057/,64.76,70000000,5,21,2
317641264,https://www.cian.ru/sale/flat/317641264/,42.6,12500000,2,9,2
317158708,https://www.cian.ru/sale/flat/317158708/,35.8,9800000,6,14,2
316848200,https://www.cian.ru/sale/flat/316848200/,61.3,22500000,3,21,2
315559988,https://www.cian.ru/sale/flat/315559988/,39.0,15490000,4,9,2
314356422,https://www.cian.ru/sale/flat/314356422/,57.5,22000000,5,5,2
316950701,https://www.cian.ru/sale/flat/316950701/,62.9,54000000,8,32,2
317245762,https://www.cian.ru/sale/flat/317245762/,44.8,16100000,5,9,2
311033212,https://www.cian.ru/sale/flat/311033212/,67.0,57000000,9,14,2
315365256,https://www.cian.ru/sale/flat/315365256/,63.0,69800000,15,32,2
317648742,https://www.cian.ru/sale/flat/317648742/,60.0,17777000,2,22,2
316217397,https://www.cian.ru/sale/flat/316217397/,60.0,45000000,4,5,2
317160553,https://www.cian.ru/sale/flat/317160553/,69.2,34400000,7,18,2
317667188,https://www.cian.ru/sale/flat/317667188/,50.5,13800000,7,17,2
309676182,https://www.cian.ru/sale/flat/309676182/,86.0,87000000,53,68,2
312751624,https://www.cian.ru/sale/flat/312751624/,61.2,58000000,24,79,2
314385616,https://www.cian.ru/sale/flat/314385616/,53.5,16590000,8,16,2
311152752,https://www.cian.ru/sale/flat/311152752/,50.0,36000000,1,13,2
311154592,https://www.cian.ru/sale/flat/311154592/,49.5,36000000,1,13,2
317060483,https://www.cian.ru/sale/flat/317060483/,70.0,20500000,19,23,2
314563566,https://www.cian.ru/sale/flat/314563566/,49.2,31000000,12,14,2
316726678,https://www.cian.ru/sale/flat/316726678/,73.0,64900000,79,95,2
317679174,https://www.cian.ru/sale/flat/317679174/,44.4,11500000,1,12,2
317157770,https://www.cian.ru/sale/flat/317157770/,105.0,157500000,2,6,2
297997441,https://www.cian.ru/sale/flat/297997441/,59.0,55000000,51,79,2
317773847,https://www.cian.ru/sale/flat/317773847/,58.8,21500000,17,22,2
313484220,https://www.cian.ru/sale/flat/313484220/,84.0,140000000,30,68,2
315764265,https://www.cian.ru/sale/flat/315764265/,49.2,30900000,12,14,2
315761244,https://www.cian.ru/sale/flat/315761244/,44.4,11000000,6,9,2
314846119,https://www.cian.ru/sale/flat/314846119/,49.2,31000000,12,13,2
305419623,https://www.cian.ru/sale/flat/305419623/,77.3,95000000,34,78,2
311086812,https://www.cian.ru/sale/flat/311086812/,43.0,11990000,2,12,2
309979871,https://www.cian.ru/sale/flat/309979871/,52.0,34400000,6,13,2
317569625,https://www.cian.ru/sale/flat/317569625/,50.3,14299999,12,12,2
314190570,https://www.cian.ru/sale/flat/314190570/,47.0,21490000,10,12,2
314556757,https://www.cian.ru/sale/flat/314556757/,125.4,350000000,8,8,2
313775061,https://www.cian.ru/sale/flat/313775061/,49.5,52500000,3,6,2
314512206,https://www.cian.ru/sale/flat/314512206/,40.0,13200000,6,9,2
305644418,https://www.cian.ru/sale/flat/305644418/,75.1,93000000,4,6,2
317773220,https://www.cian.ru/sale/flat/317773220/,107.7,380000000,2,5,2
313749763,https://www.cian.ru/sale/flat/313749763/,40.7,9999000,14,16,2
315973415,https://www.cian.ru/sale/flat/315973415/,93.4,59000000,8,12,2
316015975,https://www.cian.ru/sale/flat/316015975/,107.7,380000000,2,5,2
313256188,https://www.cian.ru/sale/flat/313256188/,47.0,11999999,3,9,2
317779859,https://www.cian.ru/sale/flat/317779859/,47.3,15000000,9,17,2
317706444,https://www.cian.ru/sale/flat/317706444/,75.0,42000000,2,6,2
317573919,https://www.cian.ru/sale/flat/317573919/,44.9,10500000,2,12,2
316995168,https://www.cian.ru/sale/flat/316995168/,55.0,30900000,16,41,2
317063799,https://www.cian.ru/sale/flat/317063799/,56.0,23700000,15,48,2
314290681,https://www.cian.ru/sale/flat/314290681/,44.9,14340000,4,9,2
314440236,https://www.cian.ru/sale/flat/314440236/,69.4,69900000,2,10,2
317218474,https://www.cian.ru/sale/flat/317218474/,56.7,18000000,1,5,2
305510471,https://www.cian.ru/sale/flat/305510471/,50.6,10599999,11,12,2
316154990,https://www.cian.ru/sale/flat/316154990/,52.3,28300000,12,30,2
314214696,https://www.cian.ru/sale/flat/314214696/,72.0,68500000,24,41,2
312417958,https://www.cian.ru/sale/flat/312417958/,54.3,39000000,8,9,2
316906010,https://www.cian.ru/sale/flat/316906010/,67.9,36600000,21,23,2
311186834,https://www.cian.ru/sale/flat/311186834/,105.0,155000000,2,5,2
315987738,https://www.cian.ru/sale/flat/315987738/,38.4,9980000,4,12,2
317181933,https://www.cian.ru/sale/flat/317181933/,78.7,42779999,3,21,2
313833366,https://www.cian.ru/sale/flat/313833366/,106.0,155000000,2,5,2
314904309,https://www.cian.ru/sale/flat/314904309/,54.7,14490000,9,12,2
317703338,https://www.cian.ru/sale/flat/317703338/,63.0,16500000,17,31,2
316196150,https://www.cian.ru/sale/flat/316196150/,100.0,79900000,2,17,2
314952668,https://www.cian.ru/sale/flat/314952668/,47.1,10699999,1,9,2
314150457,https://www.cian.ru/sale/flat/314150457/,51.0,30000000,10,41,2
315143482,https://www.cian.ru/sale/flat/315143482/,100.0,83000000,2,18,2
315170720,https://www.cian.ru/sale/flat/315170720/,60.7,20400000,2,19,2
305274218,https://www.cian.ru/sale/flat/305274218/,84.63,128500000,2,5,2
317650246,https://www.cian.ru/sale/flat/317650246/,83.2,33000000,5,41,2
316827414,https://www.cian.ru/sale/flat/316827414/,54.0,12500000,12,17,2
312628792,https://www.cian.ru/sale/flat/312628792/,52.74,31644000,49,51,2
316622005,https://www.cian.ru/sale/flat/316622005/,60.0,33000000,10,20,2
317567543,https://www.cian.ru/sale/flat/317567543/,53.7,14200000,14,16,2
293905913,https://www.cian.ru/sale/flat/293905913/,41.0,53000000,4,21,2
310554199,https://www.cian.ru/sale/flat/310554199/,42.0,19150000,26,26,2
317044444,https://www.cian.ru/sale/flat/317044444/,39.5,16490000,11,12,2
317247120,https://www.cian.ru/sale/flat/317247120/,57.2,21000000,5,9,2
316209994,https://www.cian.ru/sale/flat/316209994/,46.1,16600000,2,14,2
315436841,https://www.cian.ru/sale/flat/315436841/,46.1,10800000,8,9,2
317715209,https://www.cian.ru/sale/flat/317715209/,36.0,28700000,19,33,2
316306684,https://www.cian.ru/sale/flat/316306684/,51.8,18200000,3,14,2
316762119,https://www.cian.ru/sale/flat/316762119/,44.3,10700000,1,5,2
315007950,https://www.cian.ru/sale/flat/315007950/,52.0,30500000,6,9,2
304963966,https://www.cian.ru/sale/flat/304963966/,65.6,82000000,3,12,2
315519854,https://www.cian.ru/sale/flat/315519854/,43.4,11400000,8,9,2
313942680,https://www.cian.ru/sale/flat/313942680/,61.0,31000000,10,20,2
315832202,https://www.cian.ru/sale/flat/315832202/,62.4,34000000,5,13,2
317558466,https://www.cian.ru/sale/flat/317558466/,36.0,17490000,5,9,2
310470593,https://www.cian.ru/sale/flat/310470593/,102.6,150000000,19,34,2
315960334,https://www.cian.ru/sale/flat/315960334/,90.0,75500000,10,11,2
310765033,https://www.cian.ru/sale/flat/310765033/,56.0,27900000,15,22,2
316201065,https://www.cian.ru/sale/flat/316201065/,107.0,47000000,5,21,2
311387318,https://www.cian.ru/sale/flat/311387318/,122.0,74000000,6,6,2
304516413,https://www.cian.ru/sale/flat/304516413/,38.2,10700000,1,12,2
313945749,https://www.cian.ru/sale/flat/313945749/,70.0,50000000,12,13,2
289514736,https://www.cian.ru/sale/flat/289514736/,64.0,215000000,2,5,2
317155824,https://www.cian.ru/sale/flat/317155824/,50.0,29000000,4,9,2
316245416,https://www.cian.ru/sale/flat/316245416/,62.0,36500000,20,23,2
314266557,https://www.cian.ru/sale/flat/314266557/,75.0,113700000,7,8,2
302338028,https://www.cian.ru/sale/flat/302338028/,50.0,10950000,4,12,2
315416143,https://www.cian.ru/sale/flat/315416143/,80.0,36500000,4,4,2
315022074,https://www.cian.ru/sale/flat/315022074/,72.3,45000000,6,6,2
316413303,https://www.cian.ru/sale/flat/316413303/,41.0,16490000,14,14,2
317247769,https://www.cian.ru/sale/flat/317247769/,75.7,32500000,4,4,2
316797751,https://www.cian.ru/sale/flat/316797751/,45.5,30000000,5,5,2
316214507,https://www.cian.ru/sale/flat/316214507/,40.0,16350000,8,9,2
317768740,https://www.cian.ru/sale/flat/317768740/,211.8,168645749,5,17,2
317385263,https://www.cian.ru/sale/flat/317385263/,80.0,100000000,36,53,2
316854279,https://www.cian.ru/sale/flat/316854279/,32.0,15990000,4,5,2
315750490,https://www.cian.ru/sale/flat/315750490/,75.8,42000000,20,32,2
315776707,https://www.cian.ru/sale/flat/315776707/,69.0,61997000,9,14,2
312966776,https://www.cian.ru/sale/flat/312966776/,36.7,9399000,3,12,2
315347213,https://www.cian.ru/sale/flat/315347213/,60.0,59000000,8,28,2
316942826,https://www.cian.ru/sale/flat/316942826/,70.0,55900000,14,14,2
316794867,https://www.cian.ru/sale/flat/316794867/,54.0,15299000,4,17,2
317238339,https://www.cian.ru/sale/flat/317238339/,74.7,63495000,4,4,2
303069476,https://www.cian.ru/sale/flat/303069476/,60.0,60000000,10,10,2
316627670,https://www.cian.ru/sale/flat/316627670/,44.2,12000000,1,5,2
317547267,https://www.cian.ru/sale/flat/317547267/,63.9,50000000,2,4,2
317323132,https://www.cian.ru/sale/flat/317323132/,50.0,32700000,11,13,2
316982214,https://www.cian.ru/sale/flat/316982214/,37.0,9900000,9,12,2
310531592,https://www.cian.ru/sale/flat/310531592/,57.8,14450000,2,22,2
315965458,https://www.cian.ru/sale/flat/315965458/,84.0,59000000,12,19,2
317623183,https://www.cian.ru/sale/flat/317623183/,54.0,11900000,11,16,2
316936068,https://www.cian.ru/sale/flat/316936068/,49.5,52500000,3,6,2
302999320,https://www.cian.ru/sale/flat/302999320/,69.8,52601412,4,8,2
315253228,https://www.cian.ru/sale/flat/315253228/,55.1,32500000,6,11,2
307970936,https://www.cian.ru/sale/flat/307970936/,44.3,49400000,3,5,2
314905510,https://www.cian.ru/sale/flat/314905510/,86.3,39950000,5,34,2
316944758,https://www.cian.ru/sale/flat/316944758/,65.0,46000000,17,19,2
317764433,https://www.cian.ru/sale/flat/317764433/,37.1,12950000,12,12,2
315236960,https://www.cian.ru/sale/flat/315236960/,53.0,16950000,8,14,2
312574499,https://www.cian.ru/sale/flat/312574499/,63.5,34000000,1,10,2
312483652,https://www.cian.ru/sale/flat/312483652/,39.0,16500000,1,22,2
316361543,https://www.cian.ru/sale/flat/316361543/,62.7,27000000,18,24,2
310065061,https://www.cian.ru/sale/flat/310065061/,57.5,22000000,4,5,2
316781816,https://www.cian.ru/sale/flat/316781816/,49.0,18800000,2,23,2
315974003,https://www.cian.ru/sale/flat/315974003/,57.0,31000000,9,19,2
316186342,https://www.cian.ru/sale/flat/316186342/,95.0,161500000,4,13,2
313372838,https://www.cian.ru/sale/flat/313372838/,54.3,31900000,6,21,2
314417502,https://www.cian.ru/sale/flat/314417502/,71.8,49700000,18,79,2
306015204,https://www.cian.ru/sale/flat/306015204/,58.8,24400000,1,5,2
315696382,https://www.cian.ru/sale/flat/315696382/,69.3,44700000,2,41,2
314848971,https://www.cian.ru/sale/flat/314848971/,69.6,77500000,10,67,2
317204131,https://www.cian.ru/sale/flat/317204131/,100.0,75000000,5,6,2
310306708,https://www.cian.ru/sale/flat/310306708/,74.0,33950000,12,25,2
316256052,https://www.cian.ru/sale/flat/316256052/,59.3,34000000,6,12,2
315362374,https://www.cian.ru/sale/flat/315362374/,55.0,20000000,12,13,2
317456604,https://www.cian.ru/sale/flat/317456604/,60.5,19990000,6,25,2
316775549,https://www.cian.ru/sale/flat/316775549/,73.0,60000000,2,4,2
316587773,https://www.cian.ru/sale/flat/316587773/,67.23,32500000,8,17,2
316599762,https://www.cian.ru/sale/flat/316599762/,38.5,13500000,5,12,2
313833367,https://www.cian.ru/sale/flat/313833367/,57.14,93000000,2,9,2
316719467,https://www.cian.ru/sale/flat/316719467/,86.7,85000000,16,34,2
315929506,https://www.cian.ru/sale/flat/315929506/,53.6,13300000,17,17,2
317314844,https://www.cian.ru/sale/flat/317314844/,43.1,17300000,5,5,2
315138788,https://www.cian.ru/sale/flat/315138788/,43.0,10950000,1,5,2
317652905,https://www.cian.ru/sale/flat/317652905/,53.2,20700000,4,17,2
314844691,https://www.cian.ru/sale/flat/314844691/,83.4,57900000,8,13,2
314940906,https://www.cian.ru/sale/flat/314940906/,98.2,180000000,5,9,2
317366360,https://www.cian.ru/sale/flat/317366360/,42.2,20900000,2,8,2
309819745,https://www.cian.ru/sale/flat/309819745/,137.0,199990000,4,6,2
316015307,https://www.cian.ru/sale/flat/316015307/,79.0,69000000,10,12,2
316741191,https://www.cian.ru/sale/flat/316741191/,60.0,19300000,7,9,2
314150502,https://www.cian.ru/sale/flat/314150502/,74.0,72000000,8,11,2
315571125,https://www.cian.ru/sale/flat/315571125/,45.0,17500000,6,12,2
317621326,https://www.cian.ru/sale/flat/317621326/,59.6,22800000,2,18,2
317331521,https://www.cian.ru/sale/flat/317331521/,53.0,37900000,11,36,2
315335442,https://www.cian.ru/sale/flat/315335442/,49.0,46999000,8,10,2
316973850,https://www.cian.ru/sale/flat/316973850/,45.6,18500000,6,14,2
315335437,https://www.cian.ru/sale/flat/315335437/,53.1,49900000,9,9,2
317613003,https://www.cian.ru/sale/flat/317613003/,67.3,97585000,14,66,2
317704776,https://www.cian.ru/sale/flat/317704776/,46.0,13100000,9,9,2
314832827,https://www.cian.ru/sale/flat/314832827/,92.7,42500000,6,7,2
315752824,https://www.cian.ru/sale/flat/315752824/,74.0,72000000,8,11,2
313250512,https://www.cian.ru/sale/flat/313250512/,47.2,11950000,4,12,2
311097615,https://www.cian.ru/sale/flat/311097615/,85.2,115000000,1,3,2
316259476,https://www.cian.ru/sale/flat/316259476/,51.0,25490000,6,12,2
313985043,https://www.cian.ru/sale/flat/313985043/,53.0,11600000,5,14,2
315258508,https://www.cian.ru/sale/flat/315258508/,102.9,109000000,17,34,2
306875192,https://www.cian.ru/sale/flat/306875192/,96.0,290000000,6,6,2
314362092,https://www.cian.ru/sale/flat/314362092/,46.0,11690000,1,9,2
317545885,https://www.cian.ru/sale/flat/317545885/,112.0,82000000,9,22,2
306247628,https://www.cian.ru/sale/flat/306247628/,58.8,33000000,2,7,2
313483842,https://www.cian.ru/sale/flat/313483842/,65.8,30000000,16,28,2
316572259,https://www.cian.ru/sale/flat/316572259/,53.0,81090000,5,7,2
311331702,https://www.cian.ru/sale/flat/311331702/,96.0,280000000,6,8,2
317390291,https://www.cian.ru/sale/flat/317390291/,63.0,35000000,1,5,2
312761872,https://www.cian.ru/sale/flat/312761872/,59.2,38500000,14,15,2
314588171,https://www.cian.ru/sale/flat/314588171/,43.0,10950000,1,5,2
312358251,https://www.cian.ru/sale/flat/312358251/,115.0,132500000,2,6,2
317398421,https://www.cian.ru/sale/flat/317398421/,48.0,30990000,14,41,2
316626936,https://www.cian.ru/sale/flat/316626936/,40.0,13900000,22,22,2
317293142,https://www.cian.ru/sale/flat/317293142/,65.6,9190000,2,3,2
315643090,https://www.cian.ru/sale/flat/315643090/,61.3,24000000,20,25,2
317496508,https://www.cian.ru/sale/flat/317496508/,54.4,23000000,3,8,2
316679542,https://www.cian.ru/sale/flat/316679542/,125.0,105000000,8,13,2
303477912,https://www.cian.ru/sale/flat/303477912/,40.74,26000000,8,13,2
315770834,https://www.cian.ru/sale/flat/315770834/,64.3,19490000,9,9,2
317632795,https://www.cian.ru/sale/flat/317632795/,58.4,20890000,2,17,2
317777707,https://www.cian.ru/sale/flat/317777707/,58.4,37500000,12,23,2
304320920,https://www.cian.ru/sale/flat/304320920/,66.0,29100000,3,41,2
315201739,https://www.cian.ru/sale/flat/315201739/,107.0,125000000,6,6,2
315751206,https://www.cian.ru/sale/flat/315751206/,174.0,438800179,4,7,2
314947659,https://www.cian.ru/sale/flat/314947659/,71.0,29800000,2,28,2
313348481,https://www.cian.ru/sale/flat/313348481/,60.0,45000000,4,5,2
317706795,https://www.cian.ru/sale/flat/317706795/,70.0,120000000,3,7,2
317511000,https://www.cian.ru/sale/flat/317511000/,81.3,44000000,12,23,2
316726622,https://www.cian.ru/sale/flat/316726622/,136.0,64890000,23,31,2
316070882,https://www.cian.ru/sale/flat/316070882/,85.0,56500000,6,28,2
316274866,https://www.cian.ru/sale/flat/316274866/,55.0,87500000,3,4,2
315856432,https://www.cian.ru/sale/flat/315856432/,102.6,150000000,19,32,2
316413600,https://www.cian.ru/sale/flat/316413600/,39.0,14490000,9,9,2
307716863,https://www.cian.ru/sale/flat/307716863/,61.1,18300000,3,12,2
317786559,https://www.cian.ru/sale/flat/317786559/,53.0,28000000,6,8,2
317365055,https://www.cian.ru/sale/flat/317365055/,67.0,49900000,7,7,2
316487540,https://www.cian.ru/sale/flat/316487540/,37.1,21500000,8,10,2
317410374,https://www.cian.ru/sale/flat/317410374/,116.8,200768749,12,12,2
317646469,https://www.cian.ru/sale/flat/317646469/,152.0,103000000,5,5,3
309810361,https://www.cian.ru/sale/flat/309810361/,151.6,103000000,5,5,3
313475694,https://www.cian.ru/sale/flat/313475694/,83.7,17450000,3,9,3
314841772,https://www.cian.ru/sale/flat/314841772/,119.4,52990000,3,21,3
315458722,https://www.cian.ru/sale/flat/315458722/,81.34,43900000,4,42,3
317698062,https://www.cian.ru/sale/flat/317698062/,64.3,14000000,5,12,3
315288286,https://www.cian.ru/sale/flat/315288286/,124.0,130000000,3,4,3
312477508,https://www.cian.ru/sale/flat/312477508/,137.0,630000000,2,7,3
317421688,https://www.cian.ru/sale/flat/317421688/,60.0,20500000,9,9,3
316161198,https://www.cian.ru/sale/flat/316161198/,137.1,630000000,2,5,3
315975609,https://www.cian.ru/sale/flat/315975609/,92.1,112000000,5,9,3
317116350,https://www.cian.ru/sale/flat/317116350/,71.0,16500000,8,16,3
316565405,https://www.cian.ru/sale/flat/316565405/,93.0,111500000,5,9,3
315662772,https://www.cian.ru/sale/flat/315662772/,113.5,79000000,11,15,3
314252852,https://www.cian.ru/sale/flat/314252852/,71.0,14000000,2,3,3
315495919,https://www.cian.ru/sale/flat/315495919/,99.4,60000000,8,8,3
315044981,https://www.cian.ru/sale/flat/315044981/,68.8,57500000,11,13,3
317245651,https://www.cian.ru/sale/flat/317245651/,58.5,19000000,5,9,3
309623565,https://www.cian.ru/sale/flat/309623565/,68.9,41000000,7,14,3
302817609,https://www.cian.ru/sale/flat/302817609/,97.0,97000000,3,17,3
317522586,https://www.cian.ru/sale/flat/317522586/,57.4,14200000,6,9,3
317410369,https://www.cian.ru/sale/flat/317410369/,140.0,166440614,2,4,3
317636203,https://www.cian.ru/sale/flat/317636203/,89.4,36850000,25,28,3
308996643,https://www.cian.ru/sale/flat/308996643/,101.0,47400000,9,10,3
298534721,https://www.cian.ru/sale/flat/298534721/,140.0,166440614,2,4,3
316007862,https://www.cian.ru/sale/flat/316007862/,186.0,279000000,4,9,3
314038192,https://www.cian.ru/sale/flat/314038192/,61.0,17498000,9,12,3
315557962,https://www.cian.ru/sale/flat/315557962/,140.0,166440614,2,4,3
297904821,https://www.cian.ru/sale/flat/297904821/,110.0,93000000,2,5,3
317645531,https://www.cian.ru/sale/flat/317645531/,73.0,36300000,4,10,3
317621454,https://www.cian.ru/sale/flat/317621454/,80.1,73500000,7,9,3
307277796,https://www.cian.ru/sale/flat/307277796/,118.8,89000000,3,5,3
317640391,https://www.cian.ru/sale/flat/317640391/,65.6,20900000,9,9,3
317620470,https://www.cian.ru/sale/flat/317620470/,90.4,90400000,6,7,3
317757131,https://www.cian.ru/sale/flat/317757131/,62.0,60900000,2,21,3
315256990,https://www.cian.ru/sale/flat/315256990/,50.0,11400000,9,9,3
317813567,https://www.cian.ru/sale/flat/317813567/,77.0,79000000,11,37,3
317509570,https://www.cian.ru/sale/flat/317509570/,116.0,349000000,4,11,3
316721155,https://www.cian.ru/sale/flat/316721155/,76.0,65000000,2,9,3
311248696,https://www.cian.ru/sale/flat/311248696/,137.1,630000000,2,7,3
316892773,https://www.cian.ru/sale/flat/316892773/,115.4,219500000,3,7,3
315442618,https://www.cian.ru/sale/flat/315442618/,66.6,17100000,1,16,3
305002437,https://www.cian.ru/sale/flat/305002437/,125.2,96500000,8,14,3
309118638,https://www.cian.ru/sale/flat/309118638/,133.91,227647000,14,15,3
316321471,https://www.cian.ru/sale/flat/316321471/,61.4,29000000,3,5,3
316477309,https://www.cian.ru/sale/flat/316477309/,112.8,245000000,3,6,3
316186331,https://www.cian.ru/sale/flat/316186331/,186.0,316200000,4,13,3
316602177,https://www.cian.ru/sale/flat/316602177/,117.0,42990000,11,20,3
315755585,https://www.cian.ru/sale/flat/315755585/,110.0,79900000,6,17,3
310431008,https://www.cian.ru/sale/flat/310431008/,106.6,74500000,9,12,3
317625822,https://www.cian.ru/sale/flat/317625822/,109.0,17000000,14,20,3
316539388,https://www.cian.ru/sale/flat/316539388/,66.0,52700000,19,41,3
317766834,https://www.cian.ru/sale/flat/317766834/,71.5,16850000,13,20,3
316440107,https://www.cian.ru/sale/flat/316440107/,82.0,30000000,12,23,3
295915768,https://www.cian.ru/sale/flat/295915768/,92.1,96705000,8,13,3
311061249,https://www.cian.ru/sale/flat/311061249/,66.0,46000000,40,41,3
317566462,https://www.cian.ru/sale/flat/317566462/,130.0,102000000,11,12,3
316684654,https://www.cian.ru/sale/flat/316684654/,78.0,34700000,17,17,3
316826848,https://www.cian.ru/sale/flat/316826848/,78.3,34700000,17,17,3
317042296,https://www.cian.ru/sale/flat/317042296/,63.0,19000000,4,12,3
310512370,https://www.cian.ru/sale/flat/310512370/,106.6,76000000,9,16,3
317410363,https://www.cian.ru/sale/flat/317410363/,121.9,130000000,2,6,3
317222463,https://www.cian.ru/sale/flat/317222463/,83.6,18000000,3,10,3
310776672,https://www.cian.ru/sale/flat/310776672/,125.0,130000000,2,5,3
312757104,https://www.cian.ru/sale/flat/312757104/,72.5,44500000,7,8,3
316846511,https://www.cian.ru/sale/flat/316846511/,145.0,125000000,7,7,3
317139870,https://www.cian.ru/sale/flat/317139870/,69.0,84900000,4,6,3
317808031,https://www.cian.ru/sale/flat/317808031/,70.0,70000000,3,6,3
316514468,https://www.cian.ru/sale/flat/316514468/,51.0,14300000,8,9,3
316795429,https://www.cian.ru/sale/flat/316795429/,65.6,84900000,4,6,3
316789814,https://www.cian.ru/sale/flat/316789814/,100.0,280000000,11,13,3
315910063,https://www.cian.ru/sale/flat/315910063/,50.0,17500000,16,24,3
317643899,https://www.cian.ru/sale/flat/317643899/,80.0,73000000,1,5,3
315973059,https://www.cian.ru/sale/flat/315973059/,149.2,280000000,11,13,3
317313007,https://www.cian.ru/sale/flat/317313007/,62.8,12800000,2,12,3
317518074,https://www.cian.ru/sale/flat/317518074/,121.7,145000000,18,21,3
312078749,https://www.cian.ru/sale/flat/312078749/,108.0,335000000,7,12,3
316197644,https://www.cian.ru/sale/flat/316197644/,68.0,17090000,1,5,3
314290246,https://www.cian.ru/sale/flat/314290246/,56.0,26400000,20,31,3
315879117,https://www.cian.ru/sale/flat/315879117/,78.4,73000000,1,5,3
316419923,https://www.cian.ru/sale/flat/316419923/,58.0,11700000,6,9,3
315556568,https://www.cian.ru/sale/flat/315556568/,219.0,492445589,2,5,3
316929647,https://www.cian.ru/sale/flat/316929647/,127.0,200000000,4,12,3
317604120,https://www.cian.ru/sale/flat/317604120/,64.7,19500000,5,5,3
316897310,https://www.cian.ru/sale/flat/316897310/,120.0,145000000,18,21,3
315274448,https://www.cian.ru/sale/flat/315274448/,79.2,73000000,5,6,3
314699443,https://www.cian.ru/sale/flat/314699443/,62.0,25990000,4,5,3
316699308,https://www.cian.ru/sale/flat/316699308/,108.4,38500000,9,20,3
315411102,https://www.cian.ru/sale/flat/315411102/,137.9,255000000,2,4,3
312012448,https://www.cian.ru/sale/flat/312012448/,87.1,27500000,3,23,3
315775113,https://www.cian.ru/sale/flat/315775113/,137.9,255000000,2,4,3
315813833,https://www.cian.ru/sale/flat/315813833/,97.0,135000000,5,12,3
315803227,https://www.cian.ru/sale/flat/315803227/,73.0,17700000,8,17,3
316610272,https://www.cian.ru/sale/flat/316610272/,79.0,71000000,27,41,3
316927159,https://www.cian.ru/sale/flat/316927159/,121.5,145000000,18,21,3
317643894,https://www.cian.ru/sale/flat/317643894/,78.9,35000000,5,10,3
312677884,https://www.cian.ru/sale/flat/312677884/,79.0,71000000,27,41,3
317528283,https://www.cian.ru/sale/flat/317528283/,145.3,125000000,7,7,3
314208076,https://www.cian.ru/sale/flat/314208076/,83.2,64000000,14,25,3
312474038,https://www.cian.ru/sale/flat/312474038/,224.0,169000001,53,75,3
315754855,https://www.cian.ru/sale/flat/315754855/,137.6,67882350,25,48,3
317426807,https://www.cian.ru/sale/flat/317426807/,69.0,9450000,4,5,3
316585431,https://www.cian.ru/sale/flat/316585431/,74.2,44950000,22,41,3
309829189,https://www.cian.ru/sale/flat/309829189/,124.0,310000000,7,10,3
317465444,https://www.cian.ru/sale/flat/317465444/,54.0,17900000,3,9,3
316736481,https://www.cian.ru/sale/flat/316736481/,184.0,110000000,23,73,3
316171447,https://www.cian.ru/sale/flat/316171447/,80.0,49990000,39,41,3
314745543,https://www.cian.ru/sale/flat/314745543/,110.2,79000000,15,15,3
315557950,https://www.cian.ru/sale/flat/315557950/,120.0,160000000,2,13,3
266958084,https://www.cian.ru/sale/flat/266958084/,142.0,125000000,52,78,3
317508591,https://www.cian.ru/sale/flat/317508591/,70.1,21999999,2,5,3
316710005,https://www.cian.ru/sale/flat/316710005/,83.6,76076000,23,32,3
316500208,https://www.cian.ru/sale/flat/316500208/,102.6,109990000,10,32,3
314636222,https://www.cian.ru/sale/flat/314636222/,75.0,16900000,3,9,3
316795424,https://www.cian.ru/sale/flat/316795424/,142.1,299000000,3,13,3
316449363,https://www.cian.ru/sale/flat/316449363/,65.7,49000000,8,36,3
317569505,https://www.cian.ru/sale/flat/317569505/,99.2,159900000,2,5,3
316161197,https://www.cian.ru/sale/flat/316161197/,105.0,69900000,13,22,3
317776151,https://www.cian.ru/sale/flat/317776151/,102.6,102000000,10,32,3
317647402,https://www.cian.ru/sale/flat/317647402/,81.6,46950000,4,5,3
312247388,https://www.cian.ru/sale/flat/312247388/,180.0,127900000,7,10,3
316932856,https://www.cian.ru/sale/flat/316932856/,83.6,76912000,24,32,3
317674032,https://www.cian.ru/sale/flat/317674032/,56.3,15000000,6,9,3
315095998,https://www.cian.ru/sale/flat/315095998/,177.5,128000000,7,10,3
303727554,https://www.cian.ru/sale/flat/303727554/,116.8,357500000,5,7,3
314834804,https://www.cian.ru/sale/flat/314834804/,74.0,18500000,5,5,3
310634852,https://www.cian.ru/sale/flat/310634852/,84.0,74000000,17,32,3
303267485,https://www.cian.ru/sale/flat/303267485/,102.0,95000000,17,53,3
315796610,https://www.cian.ru/sale/flat/315796610/,78.2,17500000,4,12,3
312554751,https://www.cian.ru/sale/flat/312554751/,92.1,111500000,5,9,3
311242296,https://www.cian.ru/sale/flat/311242296/,78.4,73000000,1,5,3
303849492,https://www.cian.ru/sale/flat/303849492/,76.5,24999999,9,17,3
313380614,https://www.cian.ru/sale/flat/313380614/,177.7,128000000,7,10,3
313904358,https://www.cian.ru/sale/flat/313904358/,112.7,57700000,7,24,3
313852078,https://www.cian.ru/sale/flat/313852078/,103.0,62900000,2,11,3
317252063,https://www.cian.ru/sale/flat/317252063/,100.9,110900000,14,32,3
300614227,https://www.cian.ru/sale/flat/300614227/,116.8,357500000,5,7,3
315277786,https://www.cian.ru/sale/flat/315277786/,81.0,17895000,23,23,3
308338964,https://www.cian.ru/sale/flat/308338964/,131.1,110000000,2,6,3
297725946,https://www.cian.ru/sale/flat/297725946/,191.5,201034250,29,53,3
317607139,https://www.cian.ru/sale/flat/317607139/,70.0,31150000,11,31,3
317467975,https://www.cian.ru/sale/flat/317467975/,70.6,41700000,8,14,3
317756122,https://www.cian.ru/sale/flat/317756122/,96.0,130000000,5,6,3
316940350,https://www.cian.ru/sale/flat/316940350/,56.0,19600000,13,24,3
317644660,https://www.cian.ru/sale/flat/317644660/,85.0,29000000,5,5,3
315480687,https://www.cian.ru/sale/flat/315480687/,130.0,104990000,4,8,3
316279719,https://www.cian.ru/sale/flat/316279719/,69.6,21950000,6,8,3
317801090,https://www.cian.ru/sale/flat/317801090/,110.0,150000000,6,8,3
317708806,https://www.cian.ru/sale/flat/317708806/,94.0,38000000,44,58,3
315909392,https://www.cian.ru/sale/flat/315909392/,70.3,17400000,2,17,3
315561813,https://www.cian.ru/sale/flat/315561813/,110.0,92353624,4,8,3
316594308,https://www.cian.ru/sale/flat/316594308/,102.6,109990000,10,34,3
316986280,https://www.cian.ru/sale/flat/316986280/,73.4,19900000,2,22,3
315625194,https://www.cian.ru/sale/flat/315625194/,87.0,88990000,17,34,3
316610259,https://www.cian.ru/sale/flat/316610259/,119.0,140000000,1,10,3
312758513,https://www.cian.ru/sale/flat/312758513/,84.5,16500000,14,14,3
306567075,https://www.cian.ru/sale/flat/306567075/,115.0,101000000,2,10,3
316610258,https://www.cian.ru/sale/flat/316610258/,144.0,187000000,1,11,3
317761606,https://www.cian.ru/sale/flat/317761606/,95.0,28990000,9,11,3
310334461,https://www.cian.ru/sale/flat/310334461/,86.7,90000000,13,32,3
307962802,https://www.cian.ru/sale/flat/307962802/,66.1,30000000,9,38,3
316941067,https://www.cian.ru/sale/flat/316941067/,56.0,15500000,4,12,3
305062348,https://www.cian.ru/sale/flat/305062348/,132.5,125000000,14,20,3
317715329,https://www.cian.ru/sale/flat/317715329/,95.2,95000000,5,41,3
312014835,https://www.cian.ru/sale/flat/312014835/,63.0,19500000,1,12,3
314928229,https://www.cian.ru/sale/flat/314928229/,131.0,131000000,5,10,3
308136515,https://www.cian.ru/sale/flat/308136515/,120.9,72200000,6,12,3
315529190,https://www.cian.ru/sale/flat/315529190/,74.5,17700000,14,17,3
317700971,https://www.cian.ru/sale/flat/317700971/,65.5,67000000,2,41,3
315261338,https://www.cian.ru/sale/flat/315261338/,131.0,131000000,5,10,3
314331919,https://www.cian.ru/sale/flat/314331919/,64.4,18800000,12,16,3
304822277,https://www.cian.ru/sale/flat/304822277/,120.5,72300000,2,18,3
247174958,https://www.cian.ru/sale/flat/247174958/,150.0,135000000,8,53,3
317288188,https://www.cian.ru/sale/flat/317288188/,88.0,37950000,12,17,3
316371474,https://www.cian.ru/sale/flat/316371474/,135.0,163000000,7,9,3
306008768,https://www.cian.ru/sale/flat/306008768/,153.0,167970000,22,53,3
317624056,https://www.cian.ru/sale/flat/317624056/,68.3,58000000,3,8,3
315100108,https://www.cian.ru/sale/flat/315100108/,80.0,37900000,6,25,3
312468301,https://www.cian.ru/sale/flat/312468301/,79.0,71000000,27,41,3
316030125,https://www.cian.ru/sale/flat/316030125/,96.9,48800000,19,22,3
314636162,https://www.cian.ru/sale/flat/314636162/,115.0,115000000,11,41,3
311773880,https://www.cian.ru/sale/flat/311773880/,61.6,22514000,5,30,3
315608381,https://www.cian.ru/sale/flat/315608381/,73.0,14000000,12,17,3
315270194,https://www.cian.ru/sale/flat/315270194/,84.6,80990000,24,32,3
317181931,https://www.cian.ru/sale/flat/317181931/,92.1,47639999,3,21,3
317057962,https://www.cian.ru/sale/flat/317057962/,63.2,13950000,9,9,3
317596817,https://www.cian.ru/sale/flat/317596817/,140.1,100000000,26,34,3
309232689,https://www.cian.ru/sale/flat/309232689/,101.2,78000000,9,12,3
315362213,https://www.cian.ru/sale/flat/315362213/,91.0,31500000,3,16,3
301968782,https://www.cian.ru/sale/flat/301968782/,123.0,113000000,26,36,3
314971290,https://www.cian.ru/sale/flat/314971290/,119.3,105000000,4,14,3
309775039,https://www.cian.ru/sale/flat/309775039/,60.0,60000000,10,11,3
314443815,https://www.cian.ru/sale/flat/314443815/,95.0,87000000,17,53,3
309776504,https://www.cian.ru/sale/flat/309776504/,123.0,61900000,16,16,3
315960300,https://www.cian.ru/sale/flat/315960300/,76.2,21250000,6,17,3
314194751,https://www.cian.ru/sale/flat/314194751/,93.6,70200000,14,14,3
245277094,https://www.cian.ru/sale/flat/245277094/,186.0,220000000,2,19,3
311352185,https://www.cian.ru/sale/flat/311352185/,124.0,49990000,18,48,3
311733777,https://www.cian.ru/sale/flat/311733777/,79.0,71000000,27,41,3
312897522,https://www.cian.ru/sale/flat/312897522/,125.0,130000000,2,6,3
310854149,https://www.cian.ru/sale/flat/310854149/,100.3,42300000,12,14,3
317103927,https://www.cian.ru/sale/flat/317103927/,68.3,44899000,5,8,3
315871934,https://www.cian.ru/sale/flat/315871934/,75.0,57000000,5,24,3
314411947,https://www.cian.ru/sale/flat/314411947/,84.2,44500000,5,23,3
315139467,https://www.cian.ru/sale/flat/315139467/,55.6,12900000,1,5,3
317139302,https://www.cian.ru/sale/flat/317139302/,85.0,120000000,15,21,3
317504729,https://www.cian.ru/sale/flat/317504729/,91.0,25800000,14,33,3
303584027,https://www.cian.ru/sale/flat/303584027/,120.0,160000000,2,13,3
316587126,https://www.cian.ru/sale/flat/316587126/,160.8,248953249,7,9,3
317423149,https://www.cian.ru/sale/flat/317423149/,62.0,38550000,26,40,3
316776707,https://www.cian.ru/sale/flat/316776707/,173.1,148000000,8,16,3
309179147,https://www.cian.ru/sale/flat/309179147/,130.0,214500000,6,13,3
316137949,https://www.cian.ru/sale/flat/316137949/,127.2,35000000,8,28,3
315558354,https://www.cian.ru/sale/flat/315558354/,146.9,95000000,19,23,3
317566170,https://www.cian.ru/sale/flat/317566170/,104.0,38400000,3,23,3
317705995,https://www.cian.ru/sale/flat/317705995/,73.0,27000000,13,17,3
317057401,https://www.cian.ru/sale/flat/317057401/,73.1,21700000,8,25,3
317511843,https://www.cian.ru/sale/flat/317511843/,114.5,61800000,5,23,3
315881756,https://www.cian.ru/sale/flat/315881756/,91.6,135000000,17,21,3
316900208,https://www.cian.ru/sale/flat/316900208/,82.2,85000000,4,37,3
315274449,https://www.cian.ru/sale/flat/315274449/,121.0,109900000,26,39,3
316407915,https://www.cian.ru/sale/flat/316407915/,73.9,24990000,7,10,3
316086488,https://www.cian.ru/sale/flat/316086488/,122.0,109900000,26,39,3
316584477,https://www.cian.ru/sale/flat/316584477/,88.0,45400000,9,32,3
316612249,https://www.cian.ru/sale/flat/316612249/,66.2,16500000,4,12,3
316740849,https://www.cian.ru/sale/flat/316740849/,84.0,76000000,10,34,3
313384249,https://www.cian.ru/sale/flat/313384249/,137.1,630000000,2,7,3
310554429,https://www.cian.ru/sale/flat/310554429/,73.8,22300000,2,17,3
317137297,https://www.cian.ru/sale/flat/317137297/,100.9,110990000,14,34,3
317811987,https://www.cian.ru/sale/flat/317811987/,93.2,54000000,13,15,3
316714563,https://www.cian.ru/sale/flat/316714563/,85.0,58200000,21,27,3
313873963,https://www.cian.ru/sale/flat/313873963/,131.3,104990000,4,8,3
316368875,https://www.cian.ru/sale/flat/316368875/,86.7,95000000,13,32,3
307608363,https://www.cian.ru/sale/flat/307608363/,72.2,24900000,12,16,3
307460209,https://www.cian.ru/sale/flat/307460209/,66.0,54500000,7,24,3
316681242,https://www.cian.ru/sale/flat/316681242/,102.6,120000000,10,34,3
316992027,https://www.cian.ru/sale/flat/316992027/,112.0,92000000,3,19,3
313643920,https://www.cian.ru/sale/flat/313643920/,130.0,90000000,8,42,3
316258419,https://www.cian.ru/sale/flat/316258419/,53.0,12200000,1,9,3
307964527,https://www.cian.ru/sale/flat/307964527/,57.5,18380000,1,9,3
311255086,https://www.cian.ru/sale/flat/311255086/,144.4,65000000,39,47,3
313328137,https://www.cian.ru/sale/flat/313328137/,97.3,42500000,34,43,3
317779810,https://www.cian.ru/sale/flat/317779810/,81.0,37500000,3,8,3
314592214,https://www.cian.ru/sale/flat/314592214/,124.7,205000000,15,16,3
316584977,https://www.cian.ru/sale/flat/316584977/,124.7,199000000,6,16,3
317698816,https://www.cian.ru/sale/flat/317698816/,71.3,39200000,3,5,3
315798564,https://www.cian.ru/sale/flat/315798564/,140.0,166440614,2,4,3
303926631,https://www.cian.ru/sale/flat/303926631/,69.3,25400000,21,31,3
315552461,https://www.cian.ru/sale/flat/315552461/,360.0,1499900000,5,5,3
314889861,https://www.cian.ru/sale/flat/314889861/,91.0,108000000,16,41,3
307958924,https://www.cian.ru/sale/flat/307958924/,146.0,115000000,6,12,3
316343297,https://www.cian.ru/sale/flat/316343297/,62.7,15750000,2,14,3
310507662,https://www.cian.ru/sale/flat/310507662/,99.0,148800000,2,16,3
317406158,https://www.cian.ru/sale/flat/317406158/,88.4,60000000,27,31,3
316207686,https://www.cian.ru/sale/flat/316207686/,105.0,43500000,12,18,3
317805190,https://www.cian.ru/sale/flat/317805190/,72.3,45000000,6,6,3
286643532,https://www.cian.ru/sale/flat/286643532/,69.8,52670973,4,8,3
315606525,https://www.cian.ru/sale/flat/315606525/,57.8,14600000,9,9,3
313016553,https://www.cian.ru/sale/flat/313016553/,150.0,115000000,6,12,3
316792180,https://www.cian.ru/sale/flat/316792180/,75.9,65000000,2,9,3
309834487,https://www.cian.ru/sale/flat/309834487/,82.0,90000000,70,97,3
312360519,https://www.cian.ru/sale/flat/312360519/,82.5,83000000,3,12,3
315456914,https://www.cian.ru/sale/flat/315456914/,136.1,110000000,21,32,3
317061017,https://www.cian.ru/sale/flat/317061017/,70.0,43500000,8,11,3
316086491,https://www.cian.ru/sale/flat/316086491/,124.7,199500000,6,16,3
313896990,https://www.cian.ru/sale/flat/313896990/,186.1,465250000,6,8,3
316201191,https://www.cian.ru/sale/flat/316201191/,68.0,35390000,3,8,3
316874182,https://www.cian.ru/sale/flat/316874182/,81.7,27800000,9,18,3
317645540,https://www.cian.ru/sale/flat/317645540/,90.0,48500000,3,11,3
316983133,https://www.cian.ru/sale/flat/316983133/,73.0,27900000,12,46,3
317559783,https://www.cian.ru/sale/flat/317559783/,138.0,95000000,3,7,3
316826365,https://www.cian.ru/sale/flat/316826365/,134.0,170000000,4,8,3
317362574,https://www.cian.ru/sale/flat/317362574/,73.9,27000000,2,17,3
312794034,https://www.cian.ru/sale/flat/312794034/,108.8,54000000,7,17,3
311370408,https://www.cian.ru/sale/flat/311370408/,69.0,51000000,20,20,3
316201248,https://www.cian.ru/sale/flat/316201248/,75.5,42000000,31,38,3
314795707,https://www.cian.ru/sale/flat/314795707/,70.0,40000000,9,9,3
316487121,https://www.cian.ru/sale/flat/316487121/,113.0,120000000,66,79,3
315690262,https://www.cian.ru/sale/flat/315690262/,75.1,29300000,4,5,3
316873095,https://www.cian.ru/sale/flat/316873095/,107.0,72760000,4,4,3
315431835,https://www.cian.ru/sale/flat/315431835/,273.0,329000000,7,7,4
314246708,https://www.cian.ru/sale/flat/314246708/,172.0,330000000,8,12,4
317523782,https://www.cian.ru/sale/flat/317523782/,81.0,21500000,2,5,4
316882294,https://www.cian.ru/sale/flat/316882294/,236.0,520000000,2,10,4
314443703,https://www.cian.ru/sale/flat/314443703/,92.0,92000000,5,5,4
314082897,https://www.cian.ru/sale/flat/314082897/,62.2,14000000,2,9,4
316740000,https://www.cian.ru/sale/flat/316740000/,92.8,92000000,5,5,4
315793173,https://www.cian.ru/sale/flat/315793173/,147.0,79000000,15,32,4
316910862,https://www.cian.ru/sale/flat/316910862/,109.4,84000000,5,6,4
316884136,https://www.cian.ru/sale/flat/316884136/,108.0,61500000,6,28,4
313852285,https://www.cian.ru/sale/flat/313852285/,91.0,61800000,7,13,4
297733877,https://www.cian.ru/sale/flat/297733877/,294.6,412440000,80,85,4
310813522,https://www.cian.ru/sale/flat/310813522/,97.0,97000000,3,13,4
309780614,https://www.cian.ru/sale/flat/309780614/,134.5,300000000,5,12,4
314104500,https://www.cian.ru/sale/flat/314104500/,77.8,17500000,1,12,4
310533179,https://www.cian.ru/sale/flat/310533179/,186.0,279000000,4,9,4
313238408,https://www.cian.ru/sale/flat/313238408/,147.0,300000000,5,16,4
315044373,https://www.cian.ru/sale/flat/315044373/,128.5,56900000,20,23,4
314973222,https://www.cian.ru/sale/flat/314973222/,162.0,89500000,2,6,4
316318564,https://www.cian.ru/sale/flat/316318564/,127.6,85000000,14,25,4
316501879,https://www.cian.ru/sale/flat/316501879/,66.0,26500000,4,9,4
315564862,https://www.cian.ru/sale/flat/315564862/,162.1,89500000,2,6,4
313833371,https://www.cian.ru/sale/flat/313833371/,162.0,89500000,2,6,4
316734844,https://www.cian.ru/sale/flat/316734844/,120.0,63000000,23,26,4
316358230,https://www.cian.ru/sale/flat/316358230/,173.0,420000000,9,13,4
317612313,https://www.cian.ru/sale/flat/317612313/,173.6,420000000,9,14,4
314995331,https://www.cian.ru/sale/flat/314995331/,114.8,57900000,11,13,4
316386718,https://www.cian.ru/sale/flat/316386718/,173.6,420000000,9,13,4
313140282,https://www.cian.ru/sale/flat/313140282/,172.0,349900000,7,13,4
317361590,https://www.cian.ru/sale/flat/317361590/,90.0,48000000,3,8,4
311775806,https://www.cian.ru/sale/flat/311775806/,226.9,235999000,10,53,4
315274451,https://www.cian.ru/sale/flat/315274451/,190.0,190000000,7,12,4
316948914,https://www.cian.ru/sale/flat/316948914/,93.1,33500000,5,6,4
316620976,https://www.cian.ru/sale/flat/316620976/,145.0,87000000,25,42,4
316159176,https://www.cian.ru/sale/flat/316159176/,212.0,118000000,1,4,4
317618843,https://www.cian.ru/sale/flat/317618843/,130.0,70000000,11,25,4
310475991,https://www.cian.ru/sale/flat/310475991/,190.0,190000000,7,12,4
313909233,https://www.cian.ru/sale/flat/313909233/,123.8,75000000,8,17,4
317390631,https://www.cian.ru/sale/flat/317390631/,307.0,77000000,3,3,4
313393259,https://www.cian.ru/sale/flat/313393259/,113.0,52306830,8,8,4
317140882,https://www.cian.ru/sale/flat/317140882/,129.7,113000000,39,67,4
315741810,https://www.cian.ru/sale/flat/315741810/,85.3,26250000,33,33,4
317493914,https://www.cian.ru/sale/flat/317493914/,95.0,73000000,5,6,4
317407600,https://www.cian.ru/sale/flat/317407600/,115.0,123000000,12,61,4
316587532,https://www.cian.ru/sale/flat/316587532/,229.0,830000000,11,11,4
309195388,https://www.cian.ru/sale/flat/309195388/,218.8,125000000,6,9,4
309320290,https://www.cian.ru/sale/flat/309320290/,219.0,125000000,6,10,4
317254976,https://www.cian.ru/sale/flat/317254976/,96.0,76200000,3,5,4
316774798,https://www.cian.ru/sale/flat/316774798/,233.0,375000000,4,8,4
309297148,https://www.cian.ru/sale/flat/309297148/,252.3,486000000,4,7,4
311332293,https://www.cian.ru/sale/flat/311332293/,93.0,71900000,3,13,4
317609287,https://www.cian.ru/sale/flat/317609287/,243.0,562152499,4,5,4
309295245,https://www.cian.ru/sale/flat/309295245/,273.8,765000000,7,7,4
317026119,https://www.cian.ru/sale/flat/317026119/,130.0,70000000,3,38,4
317766565,https://www.cian.ru/sale/flat/317766565/,160.0,107000000,4,9,4
311245853,https://www.cian.ru/sale/flat/311245853/,214.3,257787074,2,6,4
313232204,https://www.cian.ru/sale/flat/313232204/,64.0,13000000,3,9,4
314645786,https://www.cian.ru/sale/flat/314645786/,240.5,350500000,4,4,4
309297151,https://www.cian.ru/sale/flat/309297151/,252.0,396000000,3,7,4
316088723,https://www.cian.ru/sale/flat/316088723/,110.0,86000000,23,52,4
310874085,https://www.cian.ru/sale/flat/310874085/,95.4,92000000,5,5,4
311245855,https://www.cian.ru/sale/flat/311245855/,220.0,417598999,1,6,4
298645481,https://www.cian.ru/sale/flat/298645481/,141.0,79500000,16,17,4
309250220,https://www.cian.ru/sale/flat/309250220/,214.3,257787074,2,6,4
317616481,https://www.cian.ru/sale/flat/317616481/,100.6,29000000,4,16,4
317646480,https://www.cian.ru/sale/flat/317646480/,170.0,99000000,2,6,4
309328296,https://www.cian.ru/sale/flat/309328296/,224.0,260000000,6,21,4
315045114,https://www.cian.ru/sale/flat/315045114/,160.2,255000000,4,5,4
317618411,https://www.cian.ru/sale/flat/317618411/,173.6,329900000,5,8,4
312984147,https://www.cian.ru/sale/flat/312984147/,113.0,192100000,2,10,4
315209680,https://www.cian.ru/sale/flat/315209680/,109.0,79970000,3,5,4
315701471,https://www.cian.ru/sale/flat/315701471/,212.7,118000000,1,4,4
317664472,https://www.cian.ru/sale/flat/317664472/,220.0,300000000,18,21,4
317385324,https://www.cian.ru/sale/flat/317385324/,210.0,119970000,2,4,4
308105474,https://www.cian.ru/sale/flat/308105474/,212.1,424200000,2,4,4
306852843,https://www.cian.ru/sale/flat/306852843/,165.35,179000000,11,21,4
315307987,https://www.cian.ru/sale/flat/315307987/,62.4,18500000,3,9,4
313953772,https://www.cian.ru/sale/flat/313953772/,250.0,350000000,3,12,4
315810929,https://www.cian.ru/sale/flat/315810929/,78.0,73000000,1,5,4
317646463,https://www.cian.ru/sale/flat/317646463/,120.0,75400000,4,6,4
298736311,https://www.cian.ru/sale/flat/298736311/,254.3,630000000,7,8,4
311998553,https://www.cian.ru/sale/flat/311998553/,211.0,248000000,5,12,4
317063039,https://www.cian.ru/sale/flat/317063039/,75.3,21900000,1,12,4
316749006,https://www.cian.ru/sale/flat/316749006/,97.5,66000000,25,30,4
316436520,https://www.cian.ru/sale/flat/316436520/,215.5,380000000,4,5,4
317456222,https://www.cian.ru/sale/flat/317456222/,155.0,35000000,7,8,4
316883868,https://www.cian.ru/sale/flat/316883868/,150.0,150000000,4,6,4
310762113,https://www.cian.ru/sale/flat/310762113/,105.0,69900000,13,22,4
299293543,https://www.cian.ru/sale/flat/299293543/,294.6,412440000,80,85,4
294292628,https://www.cian.ru/sale/flat/294292628/,231.3,165858000,15,15,4
315860229,https://www.cian.ru/sale/flat/315860229/,179.2,98000000,11,11,4
315639160,https://www.cian.ru/sale/flat/315639160/,149.0,21000000,7,7,4
312757038,https://www.cian.ru/sale/flat/312757038/,160.0,152500000,16,20,4
314735984,https://www.cian.ru/sale/flat/314735984/,133.0,249900000,10,13,4
314504450,https://www.cian.ru/sale/flat/314504450/,166.7,60000000,15,24,4
313582594,https://www.cian.ru/sale/flat/313582594/,105.0,69900000,13,22,4
314361627,https://www.cian.ru/sale/flat/314361627/,139.2,167040000,4,7,4
317646470,https://www.cian.ru/sale/flat/317646470/,110.0,53700000,8,8,4
315813970,https://www.cian.ru/sale/flat/315813970/,168.0,230000000,7,10,4
313914714,https://www.cian.ru/sale/flat/313914714/,176.6,109500000,20,41,4
316729973,https://www.cian.ru/sale/flat/316729973/,130.0,59500000,3,26,4
316921588,https://www.cian.ru/sale/flat/316921588/,192.0,115000000,4,6,4
313871802,https://www.cian.ru/sale/flat/313871802/,250.25,180000000,4,6,4
315557279,https://www.cian.ru/sale/flat/315557279/,217.5,135000000,4,17,4
316371477,https://www.cian.ru/sale/flat/316371477/,172.26,480000000,5,7,4
290979265,https://www.cian.ru/sale/flat/290979265/,207.0,420000000,6,9,4
305864484,https://www.cian.ru/sale/flat/305864484/,143.3,155000000,21,23,4
313789801,https://www.cian.ru/sale/flat/313789801/,189.0,184990000,10,10,4
315555021,https://www.cian.ru/sale/flat/315555021/,192.0,115000000,4,6,4
311083354,https://www.cian.ru/sale/flat/311083354/,124.3,110000000,4,6,4
309675959,https://www.cian.ru/sale/flat/309675959/,134.5,82000000,2,4,4
315857147,https://www.cian.ru/sale/flat/315857147/,244.6,244600000,9,10,4
317693143,https://www.cian.ru/sale/flat/317693143/,246.0,90000000,11,11,4
309620568,https://www.cian.ru/sale/flat/309620568/,130.4,76000000,2,14,4
296152248,https://www.cian.ru/sale/flat/296152248/,102.2,78805426,4,12,4
315353018,https://www.cian.ru/sale/flat/315353018/,87.3,26500000,4,16,4
299382324,https://www.cian.ru/sale/flat/299382324/,95.3,65000000,4,14,4
315561841,https://www.cian.ru/sale/flat/315561841/,179.0,70000000,16,51,4
317563067,https://www.cian.ru/sale/flat/317563067/,82.5,29900000,4,5,4
312478087,https://www.cian.ru/sale/flat/312478087/,105.0,72000000,1,13,4
312637549,https://www.cian.ru/sale/flat/312637549/,91.43,66000000,7,14,4
314951789,https://www.cian.ru/sale/flat/314951789/,112.4,70000000,4,9,4
317549813,https://www.cian.ru/sale/flat/317549813/,150.0,287230000,2,14,4
295368854,https://www.cian.ru/sale/flat/295368854/,188.1,115000000,4,6,4
314300416,https://www.cian.ru/sale/flat/314300416/,63.0,14500000,8,9,4
315318764,https://www.cian.ru/sale/flat/315318764/,244.6,244600000,9,10,4
316930155,https://www.cian.ru/sale/flat/316930155/,96.0,60000000,7,14,4
316769235,https://www.cian.ru/sale/flat/316769235/,100.0,99500000,2,7,4
311476511,https://www.cian.ru/sale/flat/311476511/,227.1,235000000,5,5,4
310513588,https://www.cian.ru/sale/flat/310513588/,110.0,59000000,22,41,4
317644665,https://www.cian.ru/sale/flat/317644665/,100.0,59990000,3,7,4
304592955,https://www.cian.ru/sale/flat/304592955/,136.0,139900000,2,5,4
315966395,https://www.cian.ru/sale/flat/315966395/,138.0,145900000,27,41,4
317334571,https://www.cian.ru/sale/flat/317334571/,67.1,17800000,6,16,4
310836697,https://www.cian.ru/sale/flat/310836697/,115.0,159000000,6,13,4
297946122,https://www.cian.ru/sale/flat/297946122/,212.0,325000000,4,12,4
315493086,https://www.cian.ru/sale/flat/315493086/,107.0,42500000,9,9,4
315625197,https://www.cian.ru/sale/flat/315625197/,171.0,214990000,25,34,4
317596820,https://www.cian.ru/sale/flat/317596820/,136.0,146000000,27,41,4
317642806,https://www.cian.ru/sale/flat/317642806/,101.0,39900000,3,22,4
317668006,https://www.cian.ru/sale/flat/317668006/,105.0,85000000,17,21,4
314840528,https://www.cian.ru/sale/flat/314840528/,91.0,55000000,5,14,4
314763917,https://www.cian.ru/sale/flat/314763917/,131.0,66500000,28,31,4
311671866,https://www.cian.ru/sale/flat/311671866/,160.0,210000000,9,17,4
311541724,https://www.cian.ru/sale/flat/311541724/,102.1,50000000,12,19,4
308359496,https://www.cian.ru/sale/flat/308359496/,124.0,104780000,6,15,4
317526871,https://www.cian.ru/sale/flat/317526871/,104.0,84990000,3,15,4
316994155,https://www.cian.ru/sale/flat/316994155/,156.0,178000000,8,17,4
315625486,https://www.cian.ru/sale/flat/315625486/,98.0,39800000,5,7,4
313073741,https://www.cian.ru/sale/flat/313073741/,124.0,68900000,21,36,4
311775016,https://www.cian.ru/sale/flat/311775016/,78.3,27953100,27,30,4
317575780,https://www.cian.ru/sale/flat/317575780/,130.0,39999900,10,14,4
316792164,https://www.cian.ru/sale/flat/316792164/,186.0,250000000,9,10,4
317391178,https://www.cian.ru/sale/flat/317391178/,134.0,147500000,5,41,4
315335450,https://www.cian.ru/sale/flat/315335450/,89.0,79990000,6,6,4
317722999,https://www.cian.ru/sale/flat/317722999/,210.8,150000000,21,53,4
308074258,https://www.cian.ru/sale/flat/308074258/,95.3,65000000,4,14,4
317732217,https://www.cian.ru/sale/flat/317732217/,149.0,175000000,6,13,4
317567480,https://www.cian.ru/sale/flat/317567480/,170.0,200000000,20,41,4
305590240,https://www.cian.ru/sale/flat/305590240/,286.5,1300000000,5,8,4
308426575,https://www.cian.ru/sale/flat/308426575/,156.0,68000000,14,22,4
311969912,https://www.cian.ru/sale/flat/311969912/,164.2,170000000,4,25,4
313039587,https://www.cian.ru/sale/flat/313039587/,138.3,197000000,25,41,4
317199467,https://www.cian.ru/sale/flat/317199467/,112.2,49500000,3,6,4
306653910,https://www.cian.ru/sale/flat/306653910/,220.0,220000000,8,11,4
316939061,https://www.cian.ru/sale/flat/316939061/,112.9,115000000,11,36,4
316451552,https://www.cian.ru/sale/flat/316451552/,87.8,20990000,2,15,4
311775017,https://www.cian.ru/sale/flat/311775017/,81.4,28367900,26,30,4
301409139,https://www.cian.ru/sale/flat/301409139/,96.2,60000000,7,14,4
317639636,https://www.cian.ru/sale/flat/317639636/,110.5,43000000,2,7,4
316477314,https://www.cian.ru/sale/flat/316477314/,148.3,270000000,8,8,4
316625188,https://www.cian.ru/sale/flat/316625188/,138.0,148000000,18,41,4
315146848,https://www.cian.ru/sale/flat/315146848/,134.4,90000000,7,12,4
303582854,https://www.cian.ru/sale/flat/303582854/,218.9,787013499,4,8,4
315540192,https://www.cian.ru/sale/flat/315540192/,136.0,146000000,27,41,4
315984807,https://www.cian.ru/sale/flat/315984807/,120.0,94970000,4,5,4
313392531,https://www.cian.ru/sale/flat/313392531/,123.0,99705030,4,6,4
315409236,https://www.cian.ru/sale/flat/315409236/,100.7,65000000,17,51,4
317246301,https://www.cian.ru/sale/flat/317246301/,153.0,61200000,7,33,4
310422996,https://www.cian.ru/sale/flat/310422996/,130.0,165000000,3,20,4
312347509,https://www.cian.ru/sale/flat/312347509/,162.2,125000000,3,19,4
311410780,https://www.cian.ru/sale/flat/311410780/,120.0,46000000,9,22,4
317571368,https://www.cian.ru/sale/flat/317571368/,210.0,150000000,21,53,4
317719481,https://www.cian.ru/sale/flat/317719481/,309.8,180000000,25,31,4
316909277,https://www.cian.ru/sale/flat/316909277/,124.0,100000000,17,20,4
307839365,https://www.cian.ru/sale/flat/307839365/,130.4,80000000,2,14,4
275397507,https://www.cian.ru/sale/flat/275397507/,160.5,88900000,2,2,4
316378297,https://www.cian.ru/sale/flat/316378297/,103.7,31000000,2,6,4
316514433,https://www.cian.ru/sale/flat/316514433/,182.0,422000000,2,14,4
305062335,https://www.cian.ru/sale/flat/305062335/,190.5,175000000,2,12,4
314202220,https://www.cian.ru/sale/flat/314202220/,250.0,160000000,9,57,4
315056322,https://www.cian.ru/sale/flat/315056322/,113.0,61000000,28,32,4
277466643,https://www.cian.ru/sale/flat/277466643/,170.0,250000000,4,5,4
314781296,https://www.cian.ru/sale/flat/314781296/,75.1,24200000,2,12,4
308750439,https://www.cian.ru/sale/flat/308750439/,96.5,64000000,9,14,4
316426144,https://www.cian.ru/sale/flat/316426144/,135.0,63000000,31,33,4
316201201,https://www.cian.ru/sale/flat/316201201/,167.1,62500000,29,29,4
317618221,https://www.cian.ru/sale/flat/317618221/,173.0,180000000,4,6,4
317671299,https://www.cian.ru/sale/flat/317671299/,130.0,125000000,21,29,4
313254772,https://www.cian.ru/sale/flat/313254772/,107.1,79900000,3,28,4
317194443,https://www.cian.ru/sale/flat/317194443/,129.0,49600000,1,14,4
315353012,https://www.cian.ru/sale/flat/315353012/,181.0,73500000,8,22,4
317647408,https://www.cian.ru/sale/flat/317647408/,100.0,51900000,5,5,4
311110677,https://www.cian.ru/sale/flat/311110677/,200.0,100000000,6,22,4
316324228,https://www.cian.ru/sale/flat/316324228/,89.0,59800000,13,32,4
317575833,https://www.cian.ru/sale/flat/317575833/,63.0,16500000,9,9,4
310325565,https://www.cian.ru/sale/flat/310325565/,117.0,90000000,13,44,4
312982952,https://www.cian.ru/sale/flat/312982952/,97.6,66900000,9,53,4
317728288,https://www.cian.ru/sale/flat/317728288/,110.0,50000000,11,17,4
316492741,https://www.cian.ru/sale/flat/316492741/,230.0,180000000,1,3,4
315551098,https://www.cian.ru/sale/flat/315551098/,213.4,377027650,3,6,4
311283223,https://www.cian.ru/sale/flat/311283223/,64.0,16700000,7,9,4
310694015,https://www.cian.ru/sale/flat/310694015/,180.0,180000000,14,24,4
317149899,https://www.cian.ru/sale/flat/317149899/,219.4,300000000,4,6,4
316620424,https://www.cian.ru/sale/flat/316620424/,174.0,101790000,1,6,4
302461755,https://www.cian.ru/sale/flat/302461755/,164.0,135000000,46,53,4
312321252,https://www.cian.ru/sale/flat/312321252/,245.0,396900000,5,6,4
317117995,https://www.cian.ru/sale/flat/317117995/,98.0,77500000,7,15,4
308934356,https://www.cian.ru/sale/flat/308934356/,231.0,157000000,8,53,4
313348272,https://www.cian.ru/sale/flat/313348272/,187.0,174999900,37,37,4
317650826,https://www.cian.ru/sale/flat/317650826/,100.0,39000000,5,6,4
275876368,https://www.cian.ru/sale/flat/275876368/,200.0,299000000,12,16,4
307945191,https://www.cian.ru/sale/flat/307945191/,203.3,243960000,18,20,4
315457270,https://www.cian.ru/sale/flat/315457270/,131.0,95000000,18,21,4
308672658,https://www.cian.ru/sale/flat/308672658/,187.4,96900000,18,18,4
316410713,https://www.cian.ru/sale/flat/316410713/,165.0,74970000,10,48,4
304244566,https://www.cian.ru/sale/flat/304244566/,243.0,550000000,7,7,4
317694276,https://www.cian.ru/sale/flat/317694276/,180.0,260000000,4,6,4
296458781,https://www.cian.ru/sale/flat/296458781/,161.6,265500000,2,7,4
317638241,https://www.cian.ru/sale/flat/317638241/,135.0,64500000,19,22,4
309283093,https://www.cian.ru/sale/flat/309283093/,137.0,69000000,3,18,4
311541731,https://www.cian.ru/sale/flat/311541731/,111.9,97000000,6,16,4
312583680,https://www.cian.ru/sale/flat/312583680/,98.0,50800000,2,11,4
317715334,https://www.cian.ru/sale/flat/317715334/,83.3,53900000,16,21,4
313793743,https://www.cian.ru/sale/flat/313793743/,213.6,80000000,8,48,4
309118675,https://www.cian.ru/sale/flat/309118675/,220.0,417598999,1,5,4
301917909,https://www.cian.ru/sale/flat/301917909/,170.0,130000000,5,6,4
308640033,https://www.cian.ru/sale/flat/308640033/,180.0,150000000,5,5,4
316587205,https://www.cian.ru/sale/flat/316587205/,158.1,170000000,5,8,4
313199022,https://www.cian.ru/sale/flat/313199022/,81.0,44700000,5,34,4
303757584,https://www.cian.ru/sale/flat/303757584/,156.9,68000000,10,18,4
310993638,https://www.cian.ru/sale/flat/310993638/,139.9,104400000,3,3,4
298112694,https://www.cian.ru/sale/flat/298112694/,216.0,430000000,4,6,4
316314577,https://www.cian.ru/sale/flat/316314577/,100.0,60000000,20,29,4
312677856,https://www.cian.ru/sale/flat/312677856/,105.7,62000000,8,8,4
315879135,https://www.cian.ru/sale/flat/315879135/,315.7,440000000,3,7,4
292773654,https://www.cian.ru/sale/flat/292773654/,130.0,205000000,3,9,4
316921602,https://www.cian.ru/sale/flat/316921602/,144.0,70000000,13,21,4
314795708,https://www.cian.ru/sale/flat/314795708/,100.0,63000000,20,29,4
316941190,https://www.cian.ru/sale/flat/316941190/,132.0,75988700,2,14,4
317467516,https://www.cian.ru/sale/flat/317467516/,110.0,48000000,9,18,4
314198474,https://www.cian.ru/sale/flat/314198474/,155.3,98709200,2,18,4
314897861,https://www.cian.ru/sale/flat/314897861/,186.0,265000000,7,18,4
307242586,https://www.cian.ru/sale/flat/307242586/,81.4,28500000,2,5,4
313914715,https://www.cian.ru/sale/flat/313914715/,164.7,102500000,20,41,4
315199195,https://www.cian.ru/sale/flat/315199195/,170.0,130000000,5,6,4
315318294,https://www.cian.ru/sale/flat/315318294/,96.5,65500000,26,34,4
309265897,https://www.cian.ru/sale/flat/309265897/,213.4,367973091,3,6,4
317519385,https://www.cian.ru/sale/flat/317519385/,169.8,225834000,6,7,4
311231509,https://www.cian.ru/sale/flat/311231509/,105.9,19000000,4,4,4
312624242,https://www.cian.ru/sale/flat/312624242/,171.0,439500000,5,8,4
315236496,https://www.cian.ru/sale/flat/315236496/,238.8,490000000,11,12,4
317644657,https://www.cian.ru/sale/flat/317644657/,107.0,50000000,6,8,4
315205516,https://www.cian.ru/sale/flat/315205516/,174.2,180000000,3,6,4
313404645,https://www.cian.ru/sale/flat/313404645/,236.0,140000000,37,48,4
315104691,https://www.cian.ru/sale/flat/315104691/,130.0,77000000,6,10,4
305507721,https://www.cian.ru/sale/flat/305507721/,177.0,91000000,9,18,4
315037552,https://www.cian.ru/sale/flat/315037552/,174.2,180000000,3,6,4
304362958,https://www.cian.ru/sale/flat/304362958/,103.0,83000000,11,52,4
315685679,https://www.cian.ru/sale/flat/315685679/,168.8,217181320,8,10,4
314447135,https://www.cian.ru/sale/flat/314447135/,161.5,59700000,7,17,4
314551426,https://www.cian.ru/sale/flat/314551426/,186.0,168645749,3,9,4
315493732,https://www.cian.ru/sale/flat/315493732/,106.0,42800000,30,39,4
317617671,https://www.cian.ru/sale/flat/317617671/,108.0,55000000,36,53,4
317757492,https://www.cian.ru/sale/flat/317757492/,145.0,85000000,12,13,4
302645883,https://www.cian.ru/sale/flat/302645883/,130.0,64900000,13,14,4
310793318,https://www.cian.ru/sale/flat/310793318/,100.0,69800000,6,20,4
315720562,https://www.cian.ru/sale/flat/315720562/,81.0,19999999,1,9,4
314791784,https://www.cian.ru/sale/flat/314791784/,205.0,187000000,1,6,4
